﻿混沌天成期货,0,0,0,0,23876,141,2016-10-10
混沌天成期货,0,0,0,0,23855,-21,2016-10-11
混沌天成期货,0,0,0,0,24153,298,2016-10-12
混沌天成期货,0,0,0,0,23783,-370,2016-10-13
混沌天成期货,0,0,0,0,23786,3,2016-10-14
混沌天成期货,0,0,0,0,23737,-49,2016-10-17
混沌天成期货,0,0,0,0,24057,320,2016-10-18
混沌天成期货,0,0,7502,870,23849,-208,2016-10-19
混沌天成期货,0,0,7324,-178,23838,-11,2016-10-20
混沌天成期货,9349,5598,7324,-178,23853,15,2016-10-21
混沌天成期货,9349,5598,7324,-178,22546,-1307,2016-10-24
混沌天成期货,9349,5598,7324,-178,22245,-301,2016-10-25
