﻿冠通期货,15283,1948,0,0,0,0,2016-10-10
冠通期货,25378,10095,0,0,0,0,2016-10-11
冠通期货,15258,-10120,0,0,0,0,2016-10-12
冠通期货,18685,3427,0,0,0,0,2016-10-13
冠通期货,13098,-5587,0,0,0,0,2016-10-14
冠通期货,30403,17305,0,0,0,0,2016-10-17
冠通期货,21007,-9396,0,0,0,0,2016-10-18
冠通期货,26381,5374,0,0,0,0,2016-10-19
冠通期货,17267,-9114,0,0,0,0,2016-10-20
冠通期货,18759,1492,0,0,0,0,2016-10-21
冠通期货,45533,26774,0,0,0,0,2016-10-24
冠通期货,23878,-21655,0,0,0,0,2016-10-25
