﻿东海期货,13718,1,0,0,0,0,2016-10-10
东海期货,29637,15919,0,0,0,0,2016-10-11
东海期货,21522,-8115,0,0,0,0,2016-10-12
东海期货,19826,-1696,0,0,0,0,2016-10-13
东海期货,12845,-6981,0,0,0,0,2016-10-14
东海期货,16087,3242,0,0,0,0,2016-10-17
东海期货,16491,404,0,0,0,0,2016-10-18
东海期货,25053,8562,0,0,0,0,2016-10-19
东海期货,9904,-15149,0,0,0,0,2016-10-20
东海期货,9904,-15149,0,0,0,0,2016-10-21
东海期货,18318,9778,0,0,0,0,2016-10-24
东海期货,18318,9778,0,0,0,0,2016-10-25
