﻿英大期货,0,0,0,0,16912,103,2016-10-10
英大期货,0,0,0,0,16679,-233,2016-10-11
英大期货,0,0,0,0,17115,436,2016-10-12
英大期货,0,0,0,0,17275,160,2016-10-13
英大期货,0,0,0,0,17645,370,2016-10-14
英大期货,0,0,0,0,18061,416,2016-10-17
英大期货,0,0,0,0,18026,-35,2016-10-18
英大期货,0,0,0,0,17726,-300,2016-10-19
英大期货,0,0,0,0,17980,254,2016-10-20
英大期货,0,0,6788,-97,17878,-102,2016-10-21
英大期货,0,0,6788,-97,17828,-50,2016-10-24
英大期货,0,0,6788,-97,17793,-35,2016-10-25
