﻿宝城期货,0,0,0,0,16825,262,2016-10-10
宝城期货,0,0,0,0,16739,-86,2016-10-11
宝城期货,0,0,0,0,16763,24,2016-10-12
宝城期货,15153,5430,0,0,16611,-152,2016-10-13
宝城期货,15153,5430,0,0,16414,-197,2016-10-14
宝城期货,15153,5430,0,0,16581,167,2016-10-17
宝城期货,15153,5430,0,0,16631,50,2016-10-18
宝城期货,15153,5430,0,0,16491,-140,2016-10-19
宝城期货,15153,5430,0,0,16435,-56,2016-10-20
宝城期货,15153,5430,0,0,16589,154,2016-10-21
宝城期货,15153,5430,0,0,15822,-767,2016-10-24
宝城期货,15153,5430,0,0,10172,-5650,2016-10-25
