﻿中银国际,11576,-1064,0,0,0,0,2016-10-10
中银国际,18192,6616,0,0,0,0,2016-10-11
中银国际,14657,-3535,0,0,0,0,2016-10-12
中银国际,16001,1344,0,0,0,0,2016-10-13
中银国际,13321,-2680,0,0,0,0,2016-10-14
中银国际,13321,-2680,0,0,0,0,2016-10-17
中银国际,13126,5087,0,0,0,0,2016-10-18
中银国际,20214,7088,0,0,0,0,2016-10-19
中银国际,11944,-8270,0,0,0,0,2016-10-20
中银国际,14645,2701,0,0,0,0,2016-10-21
中银国际,21243,6598,0,0,0,0,2016-10-24
中银国际,16218,-5025,0,0,0,0,2016-10-25
