﻿宏源期货,0,0,10103,24,8975,93,2016-10-10
宏源期货,0,0,10380,277,12758,3783,2016-10-11
宏源期货,0,0,10324,-56,10877,-1881,2016-10-12
宏源期货,0,0,9914,-410,10933,56,2016-10-13
宏源期货,0,0,9681,-233,10773,-160,2016-10-14
宏源期货,0,0,8796,-885,7926,-2847,2016-10-17
宏源期货,0,0,9009,213,7826,-100,2016-10-18
宏源期货,0,0,10102,1093,7947,121,2016-10-19
宏源期货,0,0,10112,10,7983,36,2016-10-20
宏源期货,0,0,10069,-43,7907,-76,2016-10-21
宏源期货,0,0,9627,-442,8420,513,2016-10-24
宏源期货,0,0,8964,-663,8015,-405,2016-10-25
