﻿大地期货,0,0,0,0,12147,87,2016-10-10
大地期货,0,0,0,0,12226,79,2016-10-11
大地期货,0,0,0,0,12540,314,2016-10-12
大地期货,0,0,0,0,12854,314,2016-10-13
大地期货,0,0,0,0,13029,175,2016-10-14
大地期货,0,0,0,0,13215,186,2016-10-17
大地期货,0,0,0,0,13416,201,2016-10-18
大地期货,0,0,0,0,12888,-528,2016-10-19
大地期货,0,0,0,0,12844,-44,2016-10-20
大地期货,0,0,0,0,12883,39,2016-10-21
大地期货,0,0,0,0,13279,396,2016-10-24
大地期货,0,0,0,0,13223,-56,2016-10-25
