﻿大连良运,0,0,9395,-64,0,0,2016-10-10
大连良运,0,0,9390,-5,0,0,2016-10-11
大连良运,0,0,9392,2,0,0,2016-10-12
大连良运,0,0,9608,216,0,0,2016-10-13
大连良运,0,0,9474,-134,0,0,2016-10-14
大连良运,0,0,9482,8,0,0,2016-10-17
大连良运,0,0,9482,0,0,0,2016-10-18
大连良运,0,0,9483,1,0,0,2016-10-19
大连良运,0,0,9446,-37,0,0,2016-10-20
大连良运,0,0,9443,-3,0,0,2016-10-21
大连良运,0,0,8977,-466,0,0,2016-10-24
大连良运,0,0,8977,-466,0,0,2016-10-25
