﻿东兴期货,0,0,0,0,10966,241,2016-10-10
东兴期货,0,0,0,0,10635,-331,2016-10-11
东兴期货,0,0,0,0,10666,31,2016-10-12
东兴期货,0,0,0,0,10635,-31,2016-10-13
东兴期货,0,0,0,0,10601,-34,2016-10-14
东兴期货,0,0,0,0,11429,828,2016-10-17
东兴期货,0,0,0,0,11625,196,2016-10-18
东兴期货,0,0,0,0,10873,-752,2016-10-19
东兴期货,0,0,0,0,10856,-17,2016-10-20
东兴期货,0,0,0,0,10425,-431,2016-10-21
东兴期货,0,0,0,0,11328,903,2016-10-24
东兴期货,0,0,0,0,11417,89,2016-10-25
