﻿招商期货,0,0,8060,-86,9587,305,2016-10-10
招商期货,0,0,8060,-86,9887,300,2016-10-11
招商期货,0,0,8060,-86,10527,640,2016-10-12
招商期货,0,0,8939,2445,11133,606,2016-10-13
招商期货,0,0,9044,105,10294,-839,2016-10-14
招商期货,0,0,9247,203,9615,-679,2016-10-17
招商期货,0,0,8109,-1138,9043,-572,2016-10-18
招商期货,0,0,7141,-968,8869,-174,2016-10-19
招商期货,0,0,7141,-968,8681,-188,2016-10-20
招商期货,0,0,7141,-968,8642,-39,2016-10-21
招商期货,0,0,7141,-968,9438,796,2016-10-24
招商期货,0,0,7141,-968,7305,-2133,2016-10-25
