﻿徽商期货,8812,-355,0,0,0,0,2016-10-10
徽商期货,14790,5978,0,0,0,0,2016-10-11
徽商期货,13232,-1558,0,0,0,0,2016-10-12
徽商期货,19147,5915,0,0,0,0,2016-10-13
徽商期货,11117,-8030,0,0,0,0,2016-10-14
徽商期货,19472,8355,0,0,0,0,2016-10-17
徽商期货,12342,-7130,0,0,0,0,2016-10-18
徽商期货,17690,5348,0,0,0,0,2016-10-19
徽商期货,11406,-6284,0,0,0,0,2016-10-20
徽商期货,10336,-1070,0,0,0,0,2016-10-21
徽商期货,25934,15598,0,0,0,0,2016-10-24
徽商期货,12505,-13429,0,0,0,0,2016-10-25
