﻿五矿经易期货,0,0,8868,1744,0,0,2016-10-10
五矿经易期货,0,0,10110,1242,0,0,2016-10-11
五矿经易期货,0,0,10017,-93,0,0,2016-10-12
五矿经易期货,0,0,9777,-240,0,0,2016-10-13
五矿经易期货,0,0,9957,180,0,0,2016-10-14
五矿经易期货,0,0,10084,127,0,0,2016-10-17
五矿经易期货,0,0,10127,43,0,0,2016-10-18
五矿经易期货,0,0,10093,-34,0,0,2016-10-19
五矿经易期货,0,0,10080,-13,0,0,2016-10-20
五矿经易期货,0,0,13339,3259,0,0,2016-10-21
五矿经易期货,0,0,12699,-640,0,0,2016-10-24
五矿经易期货,0,0,7963,-4736,0,0,2016-10-25
