﻿国海良时,0,0,0,0,6992,386,2016-10-10
国海良时,0,0,0,0,6992,386,2016-10-11
国海良时,0,0,0,0,6992,386,2016-10-12
国海良时,0,0,0,0,11232,4590,2016-10-13
国海良时,0,0,0,0,11062,-170,2016-10-14
国海良时,17128,11045,0,0,15803,4741,2016-10-17
国海良时,11764,-5364,0,0,15887,84,2016-10-18
国海良时,22103,10339,0,0,7386,-8501,2016-10-19
国海良时,7729,-14374,0,0,7878,492,2016-10-20
国海良时,18239,10510,0,0,6869,-1009,2016-10-21
国海良时,22303,4064,0,0,11532,4663,2016-10-24
国海良时,22303,4064,0,0,11202,-330,2016-10-25
