﻿建信期货,0,0,9751,2924,0,0,2016-10-11
建信期货,0,0,9764,13,0,0,2016-10-12
建信期货,0,0,9753,-11,0,0,2016-10-13
建信期货,0,0,9729,-24,0,0,2016-10-14
建信期货,0,0,10031,302,0,0,2016-10-17
建信期货,0,0,9848,-183,0,0,2016-10-18
建信期货,0,0,9654,-194,0,0,2016-10-19
建信期货,0,0,9663,9,0,0,2016-10-20
建信期货,0,0,9710,47,0,0,2016-10-21
建信期货,0,0,9781,71,0,0,2016-10-24
建信期货,0,0,9674,-107,0,0,2016-10-25
