﻿中辉期货,14967,9670,0,0,0,0,2016-10-11
中辉期货,13563,-1404,0,0,0,0,2016-10-12
中辉期货,16196,2633,0,0,0,0,2016-10-13
中辉期货,11063,-5133,0,0,0,0,2016-10-14
中辉期货,16402,5339,0,0,0,0,2016-10-17
中辉期货,11651,-4751,0,0,0,0,2016-10-18
中辉期货,14756,3105,0,0,0,0,2016-10-19
中辉期货,11503,-3253,0,0,0,0,2016-10-20
中辉期货,10588,-915,0,0,0,0,2016-10-21
中辉期货,10588,-915,0,0,0,0,2016-10-24
中辉期货,10588,-915,0,0,0,0,2016-10-25
