﻿华泰期货,66081,14315,50629,1120,59810,2255,2016-01-04
华泰期货,61485,-4596,51289,660,61083,1273,2016-01-05
华泰期货,87457,25972,54156,2867,60333,-750,2016-01-06
华泰期货,96646,9189,56982,2826,62175,1842,2016-01-07
华泰期货,76703,-19943,56592,-390,62954,779,2016-01-08
华泰期货,112196,35493,57880,1288,63012,58,2016-01-11
华泰期货,65465,-46731,57386,-494,62901,-111,2016-01-12
华泰期货,96827,31362,56977,-409,61497,-1404,2016-01-13
华泰期货,80417,-16410,58466,1489,62955,1458,2016-01-14
华泰期货,101370,20953,60061,1595,65344,2389,2016-01-15
华泰期货,103727,2357,58956,-1105,63450,-1894,2016-01-18
华泰期货,85166,-18561,57176,-1780,65274,1824,2016-01-19
华泰期货,74109,-11057,61671,4495,65020,-254,2016-01-20
华泰期货,87113,13004,61264,-407,64354,-666,2016-01-21
华泰期货,86018,-1095,60027,-1237,66063,1709,2016-01-22
华泰期货,89026,3008,61945,1918,67139,1076,2016-01-25
华泰期货,67660,-21366,62058,113,71412,4273,2016-01-26
华泰期货,111785,44125,60654,-1404,65603,-5809,2016-01-27
华泰期货,49374,-62411,60661,7,64356,-1247,2016-01-28
华泰期货,67441,18067,61619,958,66893,2537,2016-01-29
华泰期货,67967,526,57979,-3640,68012,1119,2016-02-01
华泰期货,55639,-12328,56369,-1610,68791,779,2016-02-02
华泰期货,47091,-8548,58049,1680,68242,-549,2016-02-03
华泰期货,64095,17004,52215,-5834,63121,-5121,2016-02-04
华泰期货,31502,-32593,50107,-2108,61539,-1582,2016-02-05
华泰期货,30151,-1351,50862,755,61535,-4,2016-02-15
华泰期货,73807,43656,57439,6577,64173,2638,2016-02-16
华泰期货,74227,420,61690,4251,66333,2160,2016-02-17
华泰期货,37659,-36568,61215,-475,65281,-1052,2016-02-18
华泰期货,67157,29498,61376,161,66619,1338,2016-02-19
华泰期货,70173,3016,62429,1053,65761,-858,2016-02-22
华泰期货,90711,20538,63823,1394,67512,1751,2016-02-23
华泰期货,135213,44502,65106,1283,70786,3274,2016-02-24
华泰期货,56203,-79010,66559,1453,69922,-864,2016-02-25
华泰期货,70221,14018,66321,-238,70687,765,2016-02-26
华泰期货,128086,57865,68924,2603,70346,-341,2016-02-29
华泰期货,103732,-24354,68057,-867,70763,417,2016-03-01
华泰期货,118451,14719,67219,-838,76434,5671,2016-03-02
华泰期货,84777,-33674,68951,1732,76059,-375,2016-03-03
华泰期货,117531,32754,67265,-1686,75076,-983,2016-03-04
华泰期货,191655,74124,66781,-484,76077,1001,2016-03-07
华泰期货,207426,15771,69040,2259,73220,-2857,2016-03-08
华泰期货,164951,-42475,68516,-524,78577,5357,2016-03-09
华泰期货,142544,-22407,65863,-2653,76448,-2129,2016-03-10
华泰期货,105543,-37001,62447,-3416,81733,5285,2016-03-11
华泰期货,133323,27780,62004,-443,79381,-2352,2016-03-14
华泰期货,98080,-35243,61036,-968,77433,-1948,2016-03-15
华泰期货,61056,-37024,59790,-1246,77501,68,2016-03-16
华泰期货,85104,24048,59509,-281,76922,-579,2016-03-17
华泰期货,79863,-5241,57962,-1547,78808,1886,2016-03-18
华泰期货,78981,-882,52951,-5011,69908,-8900,2016-03-21
华泰期货,78136,-845,53819,868,69948,40,2016-03-22
华泰期货,74433,-3703,54493,674,67205,-2743,2016-03-23
华泰期货,62773,-11660,56126,1633,65627,-1578,2016-03-24
华泰期货,47601,-15172,55441,-685,66929,1302,2016-03-25
华泰期货,42549,-5052,56770,1329,65273,-1656,2016-03-28
华泰期货,55933,13384,61389,4619,63435,-1838,2016-03-29
华泰期货,31322,-24611,60102,-1287,65320,1885,2016-03-30
华泰期货,45325,14003,58411,-1691,67712,2392,2016-03-31
华泰期货,50437,5112,54246,-4165,70196,2484,2016-04-01
华泰期货,42549,-7888,49806,-4440,73341,3145,2016-04-05
华泰期货,34582,-7967,50320,514,71269,-2072,2016-04-06
华泰期货,33300,-1282,50045,-275,71134,-135,2016-04-07
华泰期货,51029,17729,55020,4975,67060,-4074,2016-04-08
华泰期货,54113,3084,59758,4738,69585,2525,2016-04-11
华泰期货,37302,-16811,59705,-53,69458,-127,2016-04-12
华泰期货,83309,46007,59000,-705,69316,-142,2016-04-13
华泰期货,49405,-33904,52444,-6556,71485,2169,2016-04-14
华泰期货,76126,26721,55332,2888,70739,-746,2016-04-15
华泰期货,102764,26638,53866,-1466,73077,2338,2016-04-18
华泰期货,66959,-35805,54443,577,71161,-1916,2016-04-19
华泰期货,88507,21548,52224,-2219,71137,-24,2016-04-20
华泰期货,125276,36769,54987,2763,69526,-1611,2016-04-21
华泰期货,117600,-7676,61140,6153,67041,-2485,2016-04-22
华泰期货,56999,-60601,60125,-1015,66837,-204,2016-04-25
华泰期货,47333,-9666,60546,421,67915,1078,2016-04-26
华泰期货,35614,-11719,60867,321,67770,-145,2016-04-27
华泰期货,57174,21560,69470,8603,66103,-1667,2016-04-28
华泰期货,43259,-13915,68449,-1021,64877,-1226,2016-04-29
华泰期货,27785,-15474,67277,-1172,64386,-491,2016-05-03
华泰期货,78272,50487,56451,-10826,66814,2428,2016-05-04
华泰期货,45520,-32752,55573,-878,66548,-266,2016-05-05
华泰期货,63155,17635,57867,2294,65103,-1445,2016-05-06
华泰期货,47272,-15883,58242,375,65556,453,2016-05-09
华泰期货,69404,22132,54864,-3378,65746,190,2016-05-10
华泰期货,61811,-7593,55644,780,66787,1041,2016-05-11
华泰期货,87485,25674,54161,-1483,68545,1758,2016-05-12
华泰期货,60295,-27190,57096,2935,68773,228,2016-05-13
华泰期货,61905,1610,55569,-1527,68558,-215,2016-05-16
华泰期货,44239,-17666,59326,3757,69214,656,2016-05-17
华泰期货,81968,37729,65440,6114,66856,-2358,2016-05-18
华泰期货,39201,-42767,61914,-3526,64907,-1949,2016-05-19
华泰期货,37088,-2113,63534,1620,65555,648,2016-05-20
华泰期货,79468,42380,63289,-245,67888,2333,2016-05-23
华泰期货,29266,-50202,63681,392,66962,-926,2016-05-24
华泰期货,66552,37286,63245,-436,68606,1644,2016-05-25
华泰期货,51533,-15019,59006,-4239,67786,-820,2016-05-26
华泰期货,31125,-20408,60115,1109,67872,86,2016-05-27
华泰期货,41645,10520,56835,-3280,68507,635,2016-05-30
华泰期货,51452,9807,55652,-1183,69162,655,2016-05-31
华泰期货,53974,2522,59272,3620,67120,-2042,2016-06-01
华泰期货,25322,-28652,57260,-2012,67782,662,2016-06-02
华泰期货,106396,81074,49551,-7709,73893,6111,2016-06-03
华泰期货,107277,881,51537,1986,79186,5293,2016-06-06
华泰期货,77636,-29641,48119,-3418,76366,-2820,2016-06-07
华泰期货,48164,-29472,47397,-722,73980,-2386,2016-06-08
华泰期货,85790,37626,46010,-1387,76187,2207,2016-06-13
华泰期货,72734,-13056,45235,-775,75470,-717,2016-06-14
华泰期货,75804,3070,46044,809,74387,-1083,2016-06-15
华泰期货,137039,61235,47095,1051,74349,-38,2016-06-16
华泰期货,96752,-40287,47021,-74,77665,3316,2016-06-17
华泰期货,157613,60861,43258,-3763,79983,2318,2016-06-20
华泰期货,73023,-84590,45016,1758,80364,381,2016-06-21
华泰期货,46707,-26316,45414,398,81659,1295,2016-06-22
华泰期货,60850,14143,46070,656,76603,-5056,2016-06-23
华泰期货,77831,16981,52244,6174,77374,771,2016-06-24
华泰期货,66040,-11791,47869,-4375,74001,-3373,2016-06-27
华泰期货,91761,25721,47022,-847,76001,2000,2016-06-28
华泰期货,68434,-23327,43491,-3531,73346,-2655,2016-06-29
华泰期货,158687,90253,31741,-11750,59305,-14041,2016-06-30
华泰期货,141926,-16761,30094,-1647,50712,-8593,2016-07-01
华泰期货,122077,-19849,36722,6628,52923,2211,2016-07-04
华泰期货,111865,-10212,41806,5084,51500,-1423,2016-07-05
华泰期货,140899,29034,42309,503,50150,-1350,2016-07-06
华泰期货,95471,-45428,41253,-1056,46609,-3541,2016-07-07
华泰期货,118667,23196,46520,5267,46365,-244,2016-07-08
华泰期货,88258,-30409,46900,380,48779,2414,2016-07-11
华泰期货,102015,13757,46902,2,52554,3775,2016-07-12
华泰期货,65512,-36503,47562,660,51940,-614,2016-07-13
华泰期货,75829,10317,48326,764,50387,-1553,2016-07-14
华泰期货,59596,-16233,47329,-997,50228,-159,2016-07-15
华泰期货,56858,-2738,48219,890,51606,1378,2016-07-18
华泰期货,94040,37182,49553,1334,54742,3136,2016-07-19
华泰期货,74452,-19588,50181,628,53264,-1478,2016-07-20
华泰期货,50114,-24338,49294,-887,55213,1949,2016-07-21
华泰期货,100993,50879,55141,5847,54487,-726,2016-07-22
华泰期货,47175,-53818,52633,-2508,54954,467,2016-07-25
华泰期货,62307,15132,52677,44,56761,1807,2016-07-26
华泰期货,62739,432,54157,1480,53416,-3345,2016-07-27
华泰期货,57176,-5563,55985,1828,53758,342,2016-07-28
华泰期货,63824,6648,56903,918,51634,-2124,2016-07-29
华泰期货,55837,-7987,52728,-4175,51806,172,2016-08-01
华泰期货,45730,-10107,55242,2514,52462,656,2016-08-02
华泰期货,43908,-1822,56589,1347,52557,95,2016-08-03
华泰期货,96846,52938,50373,-6216,43843,-8714,2016-08-04
华泰期货,51020,-45826,51653,1280,45815,1972,2016-08-05
华泰期货,54445,3425,46993,-4660,44336,-1479,2016-08-08
华泰期货,25379,-29066,47650,657,45592,1256,2016-08-09
华泰期货,42817,17438,48907,1257,42826,-2766,2016-08-10
华泰期货,41896,-921,52715,3808,40592,-2234,2016-08-11
华泰期货,18980,-22916,51437,-1278,42454,1862,2016-08-12
华泰期货,33528,14548,46559,-4878,40722,-1732,2016-08-15
华泰期货,28748,-4780,43789,-2770,40578,-144,2016-08-16
华泰期货,35179,6431,39361,-4428,40451,-127,2016-08-17
华泰期货,27307,-7872,38270,-1091,40691,240,2016-08-18
华泰期货,52021,24714,33900,-4370,43284,2593,2016-08-19
华泰期货,41434,-10587,31745,-2155,44197,913,2016-08-22
华泰期货,26198,-15236,29989,-1756,44957,760,2016-08-23
华泰期货,27974,1776,28169,-1820,46121,1164,2016-08-24
华泰期货,41526,13552,26596,-1573,40378,-5743,2016-08-25
华泰期货,28493,-13033,26644,48,41061,683,2016-08-26
华泰期货,37319,8826,24679,-1965,39559,-1502,2016-08-29
华泰期货,32756,-4563,24107,-572,40751,1192,2016-08-30
华泰期货,32843,87,24322,215,36059,-4692,2016-08-31
华泰期货,51253,18410,25602,1280,29592,-6467,2016-09-01
华泰期货,55089,3836,29900,4298,29373,-219,2016-09-02
华泰期货,30199,-24890,30791,891,29445,72,2016-09-05
华泰期货,19033,-11166,31963,1172,30252,807,2016-09-06
华泰期货,27686,8653,30919,-1044,31394,1142,2016-09-07
华泰期货,20668,-7018,31571,652,29594,-1800,2016-09-08
华泰期货,21094,426,31189,-382,29782,188,2016-09-09
华泰期货,33331,12237,30750,-439,29962,180,2016-09-12
华泰期货,55229,21898,28554,-2196,34039,4077,2016-09-13
华泰期货,22505,-32724,28032,-522,32415,-1624,2016-09-14
华泰期货,21272,-1233,28025,-7,32278,-137,2016-09-19
华泰期货,26976,5704,32482,4457,32827,549,2016-09-20
华泰期货,36669,9693,34886,2404,31706,-1121,2016-09-21
华泰期货,62264,25595,35034,148,38772,7066,2016-09-22
华泰期货,35592,-26672,36442,1408,41454,2682,2016-09-23
华泰期货,56079,20487,35188,-1254,44685,3231,2016-09-26
华泰期货,61793,5714,34433,-755,44967,282,2016-09-27
华泰期货,38265,-23528,34293,-140,45598,631,2016-09-28
