﻿华信万达期货,38595,13194,19699,1499,19526,-2470,2016-01-04
华信万达期货,40246,1651,20331,632,18636,-890,2016-01-05
华信万达期货,43955,3709,21299,968,12895,-5741,2016-01-06
华信万达期货,44267,312,22143,844,13316,421,2016-01-07
华信万达期货,38355,-5912,24141,1998,14983,1667,2016-01-08
华信万达期货,48457,10102,26696,2555,11547,-3436,2016-01-11
华信万达期货,57197,8740,29412,2716,15462,3915,2016-01-12
华信万达期货,45099,-12098,31227,1815,16568,1106,2016-01-13
华信万达期货,43407,-1692,31361,134,16655,87,2016-01-14
华信万达期货,56826,13419,31430,69,15037,-1618,2016-01-15
华信万达期货,53276,-3550,31559,129,16782,1745,2016-01-18
华信万达期货,61880,8604,37910,6351,17319,537,2016-01-19
华信万达期货,47480,-14400,29379,-8531,17666,347,2016-01-20
华信万达期货,52942,5462,30680,1301,16645,-1021,2016-01-21
华信万达期货,58047,5105,35831,5151,16905,260,2016-01-22
华信万达期货,48630,-9417,39058,3227,15020,-1885,2016-01-25
华信万达期货,32143,-16487,34521,-4537,14250,-770,2016-01-26
华信万达期货,69638,37495,38577,4056,13032,-1218,2016-01-27
华信万达期货,46939,-22699,32387,-6190,12743,-289,2016-01-28
华信万达期货,48766,1827,33924,1537,12084,-659,2016-01-29
华信万达期货,33380,-15386,31459,-2465,11299,-785,2016-02-01
华信万达期货,33540,160,29965,-1494,11299,-785,2016-02-02
华信万达期货,36950,3410,31165,1200,11299,-785,2016-02-03
华信万达期货,36260,-690,29754,-1411,11299,-785,2016-02-04
华信万达期货,36260,-690,29430,-324,11299,-785,2016-02-05
华信万达期货,17206,9083,29509,79,11299,-785,2016-02-15
华信万达期货,34183,16977,30262,753,11299,-785,2016-02-16
华信万达期货,50800,16617,34788,4526,11299,-785,2016-02-17
华信万达期货,21584,-29216,35223,435,11299,-785,2016-02-18
华信万达期货,34399,12815,34440,-783,11299,-785,2016-02-19
华信万达期货,34387,-12,34386,-54,11299,-785,2016-02-22
华信万达期货,49243,14856,31617,-2769,11299,-785,2016-02-23
华信万达期货,69166,19923,27075,-4542,10246,1666,2016-02-24
华信万达期货,26932,-42234,28552,1477,10083,-163,2016-02-25
华信万达期货,22937,-3995,30172,1620,10140,57,2016-02-26
华信万达期货,46008,23071,27473,-2699,10140,57,2016-02-29
华信万达期货,35108,-10900,32649,5176,15139,7368,2016-03-01
华信万达期货,52687,17579,32509,-140,14598,-541,2016-03-02
华信万达期货,42808,-9879,33522,1013,13977,-621,2016-03-03
华信万达期货,44263,1455,29752,-3770,19352,5375,2016-03-04
华信万达期货,72796,28533,30053,301,20323,971,2016-03-07
华信万达期货,66644,-6152,33249,3196,19825,-498,2016-03-08
华信万达期货,56776,-9868,32964,-285,19038,-787,2016-03-09
华信万达期货,57037,261,35893,2929,17450,-1588,2016-03-10
华信万达期货,32396,-24641,33584,-2309,17259,-191,2016-03-11
华信万达期货,57706,25310,32955,-629,14844,-2415,2016-03-14
华信万达期货,55726,-1980,28509,-4446,14422,-422,2016-03-15
华信万达期货,36459,-19267,28660,151,15382,960,2016-03-16
华信万达期货,53443,16984,22601,-6059,14518,-864,2016-03-17
华信万达期货,47337,-6106,18136,-4465,16664,2146,2016-03-18
华信万达期货,55885,8548,16425,-1711,17136,472,2016-03-21
华信万达期货,50781,-5104,18533,2108,20309,3173,2016-03-22
华信万达期货,46396,-4385,17050,-1483,21054,745,2016-03-23
华信万达期货,47505,1109,17411,361,19730,-1324,2016-03-24
华信万达期货,33223,-14282,16362,-1049,20220,490,2016-03-25
华信万达期货,26950,-6273,17518,1156,19690,-530,2016-03-28
华信万达期货,40411,13461,17977,459,19198,-492,2016-03-29
华信万达期货,32581,-7830,19581,1604,19607,409,2016-03-30
华信万达期货,40110,7529,18354,-1227,15586,-4021,2016-03-31
华信万达期货,59007,18897,19279,925,20832,5246,2016-04-01
华信万达期货,36401,-22606,20614,1335,21668,836,2016-04-05
华信万达期货,34799,-1602,24127,3513,21196,-472,2016-04-06
华信万达期货,24555,-10244,24005,-122,22161,965,2016-04-07
华信万达期货,36803,12248,26512,2507,22777,616,2016-04-08
华信万达期货,31258,-5545,27746,1234,22361,-416,2016-04-11
华信万达期货,19521,-11737,27366,-380,25070,2709,2016-04-12
华信万达期货,35209,15688,26551,-815,25298,228,2016-04-13
华信万达期货,20638,-14571,24402,-2149,26691,1393,2016-04-14
华信万达期货,42348,21710,22964,-1438,27655,964,2016-04-15
华信万达期货,88872,46524,19139,-3825,32196,4541,2016-04-18
华信万达期货,52690,-36182,23970,4831,31471,-725,2016-04-19
华信万达期货,65163,12473,25599,1629,28063,-3408,2016-04-20
华信万达期货,109432,44269,29316,3717,25446,-2617,2016-04-21
华信万达期货,96181,-13251,33685,4369,19404,-6042,2016-04-22
华信万达期货,31615,-64566,33794,109,18318,-1086,2016-04-25
华信万达期货,16130,-15485,33420,-374,18366,48,2016-04-26
华信万达期货,13014,-3116,33178,-242,18826,460,2016-04-27
华信万达期货,30023,17009,31814,-1364,18303,-523,2016-04-28
华信万达期货,32788,2765,34517,2703,17834,-469,2016-04-29
华信万达期货,19111,-13677,33380,-1137,18398,564,2016-05-03
华信万达期货,76047,56936,30277,-3103,22540,4142,2016-05-04
华信万达期货,51214,-24833,31676,1399,24283,1743,2016-05-05
华信万达期货,55570,4356,32489,813,20426,-3857,2016-05-06
华信万达期货,38451,-17119,34302,1813,20164,-262,2016-05-09
华信万达期货,50932,12481,30817,-3485,20723,559,2016-05-10
华信万达期货,52946,2014,30237,-580,20893,170,2016-05-11
华信万达期货,69095,16149,27209,-3028,24586,3693,2016-05-12
华信万达期货,40013,-29082,28815,1606,21097,-3489,2016-05-13
华信万达期货,42834,2821,27703,-1112,20325,-772,2016-05-16
华信万达期货,34008,-8826,28487,784,20033,-292,2016-05-17
华信万达期货,79131,45123,31257,2770,15230,-4803,2016-05-18
华信万达期货,28233,-50898,31388,131,15476,246,2016-05-19
华信万达期货,48382,20149,30647,-741,15349,-127,2016-05-20
华信万达期货,43425,-4957,26844,-3803,13209,-2140,2016-05-23
华信万达期货,15093,-28332,27338,494,12224,-985,2016-05-24
华信万达期货,34093,19000,29176,1838,12799,575,2016-05-25
华信万达期货,14702,-19391,26714,-2462,14093,1294,2016-05-26
华信万达期货,14162,-540,25798,-916,13999,-94,2016-05-27
华信万达期货,20772,6610,24644,-1154,16107,2108,2016-05-30
华信万达期货,22344,1572,22601,-2043,15950,-157,2016-05-31
华信万达期货,11310,-11034,24636,2035,13867,-2083,2016-06-01
华信万达期货,11706,396,25427,791,13234,-633,2016-06-02
华信万达期货,61654,49948,24477,-950,21998,8764,2016-06-03
华信万达期货,81006,19352,26132,1655,34571,12573,2016-06-06
华信万达期货,41148,-39858,26329,197,33852,-719,2016-06-07
华信万达期货,14329,-26819,26327,-2,33505,-347,2016-06-08
华信万达期货,48278,33949,28798,2471,38702,5197,2016-06-13
华信万达期货,29044,-19234,29396,598,38596,-106,2016-06-14
华信万达期货,44461,15417,30178,782,38101,-495,2016-06-15
华信万达期货,39407,-5054,27986,-2192,36704,-1397,2016-06-16
华信万达期货,41823,2416,25991,-1995,36272,-432,2016-06-17
华信万达期货,73218,31395,22860,-3131,35519,-753,2016-06-20
华信万达期货,33056,-40162,21290,-1570,33339,-2180,2016-06-21
华信万达期货,33332,276,21829,539,34612,1273,2016-06-22
华信万达期货,22117,-11215,21740,-89,33474,-1138,2016-06-23
华信万达期货,34366,12249,21243,-497,30315,-3159,2016-06-24
华信万达期货,27043,-7323,21155,-88,30188,-127,2016-06-27
华信万达期货,40049,13006,19752,-1403,32012,1824,2016-06-28
华信万达期货,40777,728,19467,-285,32450,438,2016-06-29
华信万达期货,77662,36885,19288,-179,38097,5647,2016-06-30
华信万达期货,84314,6652,20266,978,35893,-2204,2016-07-01
华信万达期货,97236,12922,21803,1537,39186,3293,2016-07-04
华信万达期货,44964,-52272,22980,1177,36837,-2349,2016-07-05
华信万达期货,60493,15529,22686,-294,36474,-363,2016-07-06
华信万达期货,39791,-20702,23980,1294,35495,-979,2016-07-07
华信万达期货,66715,26924,23700,-280,27948,-7547,2016-07-08
华信万达期货,34817,-31898,22591,-1109,28296,348,2016-07-11
华信万达期货,59643,24826,13260,-9331,23648,-4648,2016-07-12
华信万达期货,47638,-12005,16129,2869,26415,2767,2016-07-13
华信万达期货,26289,-21349,17069,940,24980,-1435,2016-07-14
华信万达期货,36863,10574,17189,120,24521,-459,2016-07-15
华信万达期货,25106,-11757,20597,3408,27947,3426,2016-07-18
华信万达期货,39676,14570,19304,-1293,31396,3449,2016-07-19
华信万达期货,29177,-10499,19977,673,29422,-1974,2016-07-20
华信万达期货,16819,-12358,19779,-198,30179,757,2016-07-21
华信万达期货,34357,17538,20528,749,27813,-2366,2016-07-22
华信万达期货,17973,-16384,18969,-1559,26883,-930,2016-07-25
华信万达期货,26688,8715,19365,396,26703,-180,2016-07-26
华信万达期货,23727,-2961,19394,29,25649,-1054,2016-07-27
华信万达期货,17192,-6535,21101,1707,23462,-2187,2016-07-28
华信万达期货,25305,8113,23807,2706,22913,-549,2016-07-29
华信万达期货,21142,-4163,21997,-1810,23943,1030,2016-08-01
华信万达期货,12433,-8709,22726,729,23315,-628,2016-08-02
华信万达期货,14018,1585,21816,-910,23013,-302,2016-08-03
华信万达期货,44065,30047,24282,2466,20210,-2803,2016-08-04
华信万达期货,36737,-7328,24462,180,21119,909,2016-08-05
华信万达期货,44380,7643,21474,-2988,18653,-2466,2016-08-08
华信万达期货,13547,-30833,21426,-48,18838,185,2016-08-09
华信万达期货,21796,8249,21437,11,17035,-1803,2016-08-10
华信万达期货,19580,-2216,22464,1027,16374,-661,2016-08-11
华信万达期货,5013,-14567,22527,63,16624,250,2016-08-12
华信万达期货,15423,10410,17575,-4952,17421,797,2016-08-15
华信万达期货,12507,-2916,16504,-1071,17159,-262,2016-08-16
华信万达期货,21774,9267,13451,-3053,16170,-989,2016-08-17
华信万达期货,7899,-13875,13118,-333,17894,1724,2016-08-18
华信万达期货,17621,9722,11544,-1574,17945,51,2016-08-19
华信万达期货,14024,-3597,10929,-615,19406,1461,2016-08-22
华信万达期货,10327,-3697,10646,-283,20686,1280,2016-08-23
华信万达期货,9148,-1179,9346,-1300,18938,-1748,2016-08-24
华信万达期货,14683,5535,10135,789,16376,-2562,2016-08-25
华信万达期货,6274,-8409,10145,10,16298,-78,2016-08-26
华信万达期货,7914,1640,9059,-1086,17280,982,2016-08-29
华信万达期货,11638,3724,9371,312,17684,404,2016-08-30
华信万达期货,10867,-771,9193,-178,16753,-931,2016-08-31
华信万达期货,30762,19895,9340,147,16232,-521,2016-09-01
华信万达期货,26734,-4028,14755,5415,16427,195,2016-09-02
华信万达期货,16274,-10460,17890,3135,16916,489,2016-09-05
华信万达期货,6149,-10125,19758,1868,16485,-431,2016-09-06
华信万达期货,14498,8349,20431,673,16928,443,2016-09-07
华信万达期货,10962,-3536,17072,-3359,16261,-667,2016-09-08
华信万达期货,5882,-5080,17259,187,16082,-179,2016-09-09
华信万达期货,5882,-5080,18067,808,16108,26,2016-09-12
华信万达期货,16082,6022,16104,-1963,17521,1413,2016-09-13
华信万达期货,9903,-6179,17494,1390,15204,-2317,2016-09-14
华信万达期货,14101,4198,21704,4210,16999,1795,2016-09-19
华信万达期货,9587,-4514,24651,2947,17903,904,2016-09-20
华信万达期货,11844,2257,24849,198,17471,-432,2016-09-21
华信万达期货,19645,7801,29017,4168,18692,1221,2016-09-22
华信万达期货,12410,-7235,30069,1052,18782,90,2016-09-23
华信万达期货,44637,32227,37772,7703,21538,2756,2016-09-26
华信万达期货,23965,-20672,32339,-5433,18166,-3372,2016-09-27
华信万达期货,19185,-4780,32234,-105,18430,264,2016-09-28
