﻿中信期货,27131,-11440,29442,586,23880,-159,2016-01-04
中信期货,24830,-2301,28360,-1082,23832,-48,2016-01-05
中信期货,24830,-2301,28885,525,25656,1824,2016-01-06
中信期货,39152,16045,14589,-14296,24290,-1366,2016-01-07
中信期货,39152,16045,15039,450,25645,1355,2016-01-08
中信期货,35790,18447,14287,-752,24779,-866,2016-01-11
中信期货,22672,-13118,13176,-1111,25264,485,2016-01-12
中信期货,33201,10529,14063,887,24844,-420,2016-01-13
中信期货,25249,-7952,14008,-55,26696,1852,2016-01-14
中信期货,25516,267,13821,-187,28632,1936,2016-01-15
中信期货,31204,5688,13838,17,28245,-387,2016-01-18
中信期货,27624,-3580,16499,2661,28064,-181,2016-01-19
中信期货,21478,-6146,18665,2166,27740,-324,2016-01-20
中信期货,27995,6517,22075,3410,28155,415,2016-01-21
中信期货,30853,2858,22327,252,24720,-3435,2016-01-22
中信期货,28227,-2626,24231,1904,27301,2581,2016-01-25
中信期货,28227,-2626,23437,-794,29764,2463,2016-01-26
中信期货,50874,31279,12690,-10747,27891,-1873,2016-01-27
中信期货,50874,31279,12440,-250,27113,-778,2016-01-28
中信期货,30558,12704,10874,-1566,31751,4638,2016-01-29
中信期货,30558,12704,10699,-175,31615,-136,2016-02-01
中信期货,16098,-2983,10781,82,29519,-2096,2016-02-02
中信期货,22315,6217,10348,-433,27561,-1958,2016-02-03
中信期货,22315,6217,9691,-657,24818,-2743,2016-02-04
中信期货,11847,-1377,9623,-68,24399,-419,2016-02-05
中信期货,11345,-502,9184,-439,24225,-174,2016-02-15
中信期货,11345,-502,10415,1231,27714,3489,2016-02-16
中信期货,26810,9974,11549,1134,33426,5712,2016-02-17
中信期货,23524,-3286,15401,3852,34606,1180,2016-02-18
中信期货,35884,12360,11904,-3497,28055,-6551,2016-02-19
中信期货,21414,-14470,11366,-538,27425,-630,2016-02-22
中信期货,21414,-14470,11679,313,25423,-2002,2016-02-23
中信期货,30571,9696,13217,1538,29326,3903,2016-02-24
中信期货,30571,9696,12943,-274,31061,1735,2016-02-25
中信期货,30571,9696,14488,1545,31193,132,2016-02-26
中信期货,33264,18483,12386,-2102,29717,-1476,2016-02-29
中信期货,31351,-1913,12315,-71,27967,-1750,2016-03-01
中信期货,31351,-1913,12226,-89,26407,-1560,2016-03-02
中信期货,29309,2204,13349,1123,29347,2940,2016-03-03
中信期货,39376,10067,12871,-478,35025,5678,2016-03-04
中信期货,52090,12714,13834,963,38476,3451,2016-03-07
中信期货,56564,4474,10805,-3029,24933,-13543,2016-03-08
中信期货,36109,-20455,10906,101,26581,1648,2016-03-09
中信期货,36109,-20455,11296,390,27557,976,2016-03-10
中信期货,25183,-1209,11924,628,22064,-5493,2016-03-11
中信期货,29057,3874,12165,241,21467,-597,2016-03-14
中信期货,25849,-3208,15825,3660,22412,945,2016-03-15
中信期货,31545,5696,15134,-691,22302,-110,2016-03-16
中信期货,37870,6325,27705,12571,26573,4271,2016-03-17
中信期货,32217,-5653,27578,-127,32069,5496,2016-03-18
中信期货,25119,-7098,27684,106,32422,353,2016-03-21
中信期货,22958,-2161,27831,147,31053,-1369,2016-03-22
中信期货,24728,1770,29280,1449,30900,-153,2016-03-23
中信期货,36636,11908,14010,-15270,31190,290,2016-03-24
中信期货,20806,-15830,14629,619,32755,1565,2016-03-25
中信期货,28606,7800,17524,2895,31838,-917,2016-03-28
中信期货,34179,5573,16526,-998,32255,417,2016-03-29
中信期货,18094,-16085,16243,-283,29954,-2301,2016-03-30
中信期货,19729,1635,15935,-308,30401,447,2016-03-31
中信期货,26686,6957,15543,-392,28949,-1452,2016-04-01
中信期货,17102,-9584,16097,554,30385,1436,2016-04-05
中信期货,13830,-3272,16144,47,29800,-585,2016-04-06
中信期货,12738,-1092,16912,768,29684,-116,2016-04-07
中信期货,25925,13187,16631,-281,26346,-3338,2016-04-08
中信期货,20993,-4932,15840,-791,26604,258,2016-04-11
中信期货,20008,-985,16567,727,24633,-1971,2016-04-12
中信期货,50845,30837,15924,-643,36403,11770,2016-04-13
中信期货,23716,-27129,14580,-1344,35549,-854,2016-04-14
中信期货,41211,17495,18528,3948,35530,-19,2016-04-15
中信期货,59638,18427,30328,11800,43652,8122,2016-04-18
中信期货,33295,-26343,31025,697,43384,-268,2016-04-19
中信期货,49465,16170,23435,-7590,42725,-659,2016-04-20
中信期货,63257,13792,23956,521,40729,-1996,2016-04-21
中信期货,81359,18102,17642,-6314,31924,-8805,2016-04-22
中信期货,27729,-53630,16752,-890,32883,959,2016-04-25
中信期货,27697,-32,17073,321,24707,-8176,2016-04-26
中信期货,9852,-17845,17065,-8,24215,-492,2016-04-27
中信期货,28475,18623,15863,-1202,23630,-585,2016-04-28
中信期货,33435,4960,11064,-4799,21256,-2374,2016-04-29
中信期货,17461,-15974,9701,-1363,21844,588,2016-05-03
中信期货,36697,19236,15394,5693,23850,2006,2016-05-04
中信期货,23924,-12773,18047,2653,22811,-1039,2016-05-05
中信期货,31310,7386,10893,-7154,20869,-1942,2016-05-06
中信期货,20966,-10344,11012,119,20152,-717,2016-05-09
中信期货,26290,5324,10757,-255,20523,371,2016-05-10
中信期货,22603,-3687,11157,400,20216,-307,2016-05-11
中信期货,33774,11171,14007,2850,21848,1632,2016-05-12
中信期货,32918,-856,12146,-1861,21703,-145,2016-05-13
中信期货,22654,-10264,12889,743,21092,-611,2016-05-16
中信期货,17799,-4855,12646,-243,21148,56,2016-05-17
中信期货,39589,21790,14489,1843,24202,3054,2016-05-18
中信期货,20069,-19520,15598,1109,24042,-160,2016-05-19
中信期货,22349,2280,17985,2387,24800,758,2016-05-20
中信期货,34394,12045,14326,-3659,25025,225,2016-05-23
中信期货,14777,-19617,14718,392,25154,129,2016-05-24
中信期货,30693,15916,15732,1014,25475,321,2016-05-25
中信期货,17373,-13320,15186,-546,25054,-421,2016-05-26
中信期货,12250,-5123,14785,-401,24583,-471,2016-05-27
中信期货,19837,7587,15572,787,24421,-162,2016-05-30
中信期货,20654,817,18472,2900,27049,2628,2016-05-31
中信期货,19401,-1253,15188,-3284,26204,-845,2016-06-01
中信期货,8063,-11338,15258,70,25909,-295,2016-06-02
中信期货,36805,28742,16848,1590,29150,3241,2016-06-03
中信期货,48843,12038,21580,4732,29669,519,2016-06-06
中信期货,26192,-22651,22818,1238,29599,-70,2016-06-07
中信期货,21613,-4579,26502,3684,33454,3855,2016-06-08
中信期货,31452,9839,24051,-2451,34515,1061,2016-06-13
中信期货,21507,-9945,24860,809,34259,-256,2016-06-14
中信期货,31979,10472,24337,-523,32689,-1570,2016-06-15
中信期货,39485,7506,25150,813,34037,1348,2016-06-16
中信期货,32544,-6941,27152,2002,34531,494,2016-06-17
中信期货,65265,32721,28549,1397,36223,1692,2016-06-20
中信期货,30096,-35169,28946,397,36980,757,2016-06-21
中信期货,31782,1686,29735,789,37745,765,2016-06-22
中信期货,26155,-5627,29855,120,35322,-2423,2016-06-23
中信期货,38260,12105,29892,37,34847,-475,2016-06-24
中信期货,28957,-9303,28901,-991,34591,-256,2016-06-27
中信期货,31346,2389,30919,2018,34943,352,2016-06-28
中信期货,30003,-1343,30255,-664,34216,-727,2016-06-29
中信期货,67418,37415,32386,2131,39247,5031,2016-06-30
中信期货,58497,-8921,32057,-329,37757,-1490,2016-07-01
中信期货,64776,6279,33147,1090,38121,364,2016-07-04
中信期货,50184,-14592,41358,8211,40024,1903,2016-07-05
中信期货,65150,14966,40340,-1018,40782,758,2016-07-06
中信期货,49774,-15376,40731,391,42793,2011,2016-07-07
中信期货,55788,6014,40901,170,43683,890,2016-07-08
中信期货,36966,-18822,40636,-265,42600,-1083,2016-07-11
中信期货,48288,11322,38743,-1893,43085,485,2016-07-12
中信期货,44602,-3686,37433,-1310,42405,-680,2016-07-13
中信期货,35863,-8739,36854,-579,42444,39,2016-07-14
中信期货,34793,-1070,37114,260,42273,-171,2016-07-15
中信期货,28759,-6034,37160,46,42508,235,2016-07-18
中信期货,40751,11992,36914,-246,42123,-385,2016-07-19
中信期货,33769,-6982,36565,-349,40905,-1218,2016-07-20
中信期货,28149,-5620,36294,-271,41177,272,2016-07-21
中信期货,38264,10115,35012,-1282,40375,-802,2016-07-22
中信期货,25991,-12273,36260,1248,41396,1021,2016-07-25
中信期货,32814,6823,34486,-1774,42128,732,2016-07-26
中信期货,30990,-1824,33535,-951,42291,163,2016-07-27
中信期货,32364,1374,34170,635,41102,-1189,2016-07-28
中信期货,43476,11112,33156,-1014,41700,598,2016-07-29
中信期货,28419,-15057,32897,-259,39278,-2422,2016-08-01
中信期货,23891,-4528,33220,323,38606,-672,2016-08-02
中信期货,21394,-2497,32674,-546,38506,-100,2016-08-03
中信期货,37592,16198,35491,2817,37987,-519,2016-08-04
中信期货,35612,-1980,32757,-2734,34621,-3366,2016-08-05
中信期货,45282,9670,26881,-5876,29429,-5192,2016-08-08
中信期货,18964,-26318,26654,-227,28862,-567,2016-08-09
中信期货,21841,2877,26075,-579,27838,-1024,2016-08-10
中信期货,22990,1149,26534,459,28433,595,2016-08-11
中信期货,12170,-10820,26225,-309,27794,-639,2016-08-12
中信期货,14309,2139,25981,-244,26805,-989,2016-08-15
中信期货,14065,-244,25953,-28,26372,-433,2016-08-16
中信期货,17200,3135,26460,507,25797,-575,2016-08-17
中信期货,15123,-2077,25880,-580,25626,-171,2016-08-18
中信期货,22803,7680,25579,-301,24786,-840,2016-08-19
中信期货,18347,-4456,25635,56,25313,527,2016-08-22
中信期货,18827,480,26931,1296,26756,1443,2016-08-23
中信期货,14625,-4202,27095,164,26749,-7,2016-08-24
中信期货,20767,6142,26566,-529,25749,-1000,2016-08-25
中信期货,18382,-2385,28732,2166,27543,1794,2016-08-26
中信期货,17157,-1225,29073,341,27825,282,2016-08-29
中信期货,19748,2591,29179,106,26907,-918,2016-08-30
中信期货,17525,-2223,28349,-830,27464,557,2016-08-31
中信期货,29790,12265,25734,-2615,34231,6767,2016-09-01
中信期货,37976,8186,27130,1396,31007,-3224,2016-09-02
中信期货,18026,-19950,25687,-1443,30982,-25,2016-09-05
中信期货,8502,-9524,24715,-972,30186,-796,2016-09-06
中信期货,15654,7152,22480,-2235,31919,1733,2016-09-07
中信期货,13908,-1746,22758,278,31275,-644,2016-09-08
中信期货,7914,-5994,22799,41,30998,-277,2016-09-09
中信期货,23726,15812,23928,1129,26995,-4003,2016-09-12
中信期货,31358,7632,26851,2923,26692,-303,2016-09-13
中信期货,14295,-17063,24696,-2155,26578,-114,2016-09-14
中信期货,11252,-3043,25619,923,25897,-681,2016-09-19
中信期货,14157,2905,23250,-2369,25329,-568,2016-09-20
中信期货,20499,6342,22147,-1103,24129,-1200,2016-09-21
中信期货,23690,3191,22734,587,24286,157,2016-09-22
中信期货,22008,-1682,26460,3726,23946,-340,2016-09-23
中信期货,23657,1649,28830,2370,26499,2553,2016-09-26
中信期货,36791,13134,22805,-6025,25433,-1066,2016-09-27
中信期货,27302,-9489,23332,527,25876,443,2016-09-28
