﻿宏源期货,0,0,24527,-469,13122,497,2016-01-04
宏源期货,0,0,24764,237,12983,-139,2016-01-05
宏源期货,0,0,23815,-949,12798,-185,2016-01-06
宏源期货,0,0,23657,-158,12506,-292,2016-01-07
宏源期货,0,0,23390,-267,12724,218,2016-01-08
宏源期货,0,0,24803,1413,12531,-193,2016-01-11
宏源期货,0,0,24011,-792,12751,220,2016-01-12
宏源期货,0,0,23799,-212,12736,-15,2016-01-13
宏源期货,0,0,24188,389,12793,57,2016-01-14
宏源期货,34725,19523,22696,-1492,11968,-825,2016-01-15
宏源期货,25784,-8941,23644,948,12484,516,2016-01-18
宏源期货,25784,-8941,23355,-289,12426,-58,2016-01-19
宏源期货,25784,-8941,24307,952,12616,190,2016-01-20
宏源期货,25784,-8941,24680,373,12589,-27,2016-01-21
宏源期货,25784,-8941,24777,97,12885,296,2016-01-22
宏源期货,25784,-8941,25342,565,13536,651,2016-01-25
宏源期货,25784,-8941,25524,182,13885,349,2016-01-26
宏源期货,25784,-8941,24968,-556,14001,116,2016-01-27
宏源期货,25784,-8941,24904,-64,14101,100,2016-01-28
宏源期货,25784,-8941,25841,937,18329,4228,2016-01-29
宏源期货,25784,-8941,25187,-654,15689,-2640,2016-02-01
宏源期货,25784,-8941,25377,190,18765,3076,2016-02-02
宏源期货,25784,-8941,24790,-587,19442,677,2016-02-03
宏源期货,25784,-8941,24845,55,16746,-2696,2016-02-04
宏源期货,25784,-8941,25477,632,16570,-176,2016-02-05
宏源期货,25784,-8941,25310,-167,16732,162,2016-02-15
宏源期货,25784,-8941,26472,1162,17498,766,2016-02-16
宏源期货,25784,-8941,25827,-645,17338,-160,2016-02-17
宏源期货,25784,-8941,25834,7,19204,1866,2016-02-18
宏源期货,25784,-8941,25530,-304,18937,-267,2016-02-19
宏源期货,25784,-8941,25927,397,16531,-2406,2016-02-22
宏源期货,25784,-8941,27751,1824,16562,31,2016-02-23
宏源期货,25784,-8941,28848,1097,18286,1724,2016-02-24
宏源期货,25784,-8941,27527,-1321,17758,-528,2016-02-25
宏源期货,25784,-8941,27914,387,17571,-187,2016-02-26
宏源期货,25784,-8941,27866,-48,14602,-2969,2016-02-29
宏源期货,25784,-8941,27851,-15,10214,-4388,2016-03-01
宏源期货,25784,-8941,27947,96,9790,-424,2016-03-02
宏源期货,25784,-8941,28148,201,10968,1178,2016-03-03
宏源期货,25784,-8941,28329,181,10894,-74,2016-03-04
宏源期货,25784,-8941,30303,1974,14633,3739,2016-03-07
宏源期货,25784,-8941,31609,1306,11556,-3077,2016-03-08
宏源期货,25784,-8941,30070,-1539,10696,-860,2016-03-09
宏源期货,25784,-8941,29567,-503,10696,-860,2016-03-10
宏源期货,25784,-8941,30121,554,10981,686,2016-03-11
宏源期货,25784,-8941,29780,-341,13167,2186,2016-03-14
宏源期货,25784,-8941,29841,61,13103,-64,2016-03-15
宏源期货,25784,-8941,29818,-23,11776,-1327,2016-03-16
宏源期货,25784,-8941,30081,263,14131,2355,2016-03-17
宏源期货,25784,-8941,29060,-1021,16096,1965,2016-03-18
宏源期货,25784,-8941,29278,218,15826,-270,2016-03-21
宏源期货,25784,-8941,29262,-16,15976,150,2016-03-22
宏源期货,25784,-8941,29227,-35,16268,292,2016-03-23
宏源期货,25784,-8941,29730,503,16249,-19,2016-03-24
宏源期货,25784,-8941,29755,25,16178,-71,2016-03-25
宏源期货,25784,-8941,29019,-736,16321,143,2016-03-28
宏源期货,25784,-8941,30987,1968,16622,301,2016-03-29
宏源期货,25784,-8941,29937,-1050,16400,-222,2016-03-30
宏源期货,25784,-8941,29758,-179,16739,339,2016-03-31
宏源期货,25784,-8941,29882,124,16472,-267,2016-04-01
宏源期货,25784,-8941,29574,-308,16623,151,2016-04-05
宏源期货,25784,-8941,29508,-66,17014,391,2016-04-06
宏源期货,25784,-8941,29984,476,16993,-21,2016-04-07
宏源期货,25784,-8941,29513,-471,16952,-41,2016-04-08
宏源期货,25784,-8941,29960,447,17055,103,2016-04-11
宏源期货,11723,2023,29856,-104,14792,-2263,2016-04-12
宏源期货,26601,14878,30274,418,26191,11399,2016-04-13
宏源期货,26601,14878,29671,-603,25847,-344,2016-04-14
宏源期货,22588,11295,29597,-74,26651,804,2016-04-15
宏源期货,52496,29908,38099,8502,20657,-5994,2016-04-18
宏源期货,52496,29908,37257,-842,20957,300,2016-04-19
宏源期货,52496,29908,35714,-1543,20529,-428,2016-04-20
宏源期货,40499,21340,24363,-11351,20447,-82,2016-04-21
宏源期货,38100,-2399,20339,-4024,17531,-2916,2016-04-22
宏源期货,16394,-21706,19832,-507,17356,-175,2016-04-25
宏源期货,19100,2706,10352,-9480,17482,126,2016-04-26
宏源期货,19100,2706,10580,228,17428,-54,2016-04-27
宏源期货,19100,2706,9870,-710,15912,-1516,2016-04-28
宏源期货,14631,3277,9830,-40,15103,-809,2016-04-29
宏源期货,14631,3277,9975,145,15008,-95,2016-05-03
宏源期货,14631,3277,9668,-307,13871,-1137,2016-05-04
宏源期货,14631,3277,9929,261,13813,-58,2016-05-05
宏源期货,14631,3277,9184,-745,13787,-26,2016-05-06
宏源期货,12799,776,9348,164,13614,-173,2016-05-09
宏源期货,12799,776,9763,415,13028,-586,2016-05-10
宏源期货,12799,776,9558,-205,13632,604,2016-05-11
宏源期货,12799,776,9733,175,12939,-693,2016-05-12
宏源期货,12799,776,8992,-741,12720,-219,2016-05-13
宏源期货,12799,776,8855,-137,12572,-148,2016-05-16
宏源期货,12799,776,8859,4,12139,-433,2016-05-17
宏源期货,12799,776,9217,358,17772,5633,2016-05-18
宏源期货,12167,-5698,8831,-386,13123,-4649,2016-05-19
宏源期货,12167,-5698,9037,206,13745,622,2016-05-20
宏源期货,12167,-5698,9880,843,14240,495,2016-05-23
宏源期货,11136,-4114,8919,-961,13649,-591,2016-05-24
宏源期货,11136,-4114,8809,-110,13997,348,2016-05-25
宏源期货,11136,-4114,8766,-43,13415,-582,2016-05-26
宏源期货,11136,-4114,8761,-5,12953,-462,2016-05-27
宏源期货,9890,2409,8911,150,12323,-630,2016-05-30
宏源期货,9890,2409,9217,306,11289,-1034,2016-05-31
宏源期货,9890,2409,8723,-494,11003,-286,2016-06-01
宏源期货,9890,2409,8619,-104,11029,26,2016-06-02
宏源期货,9890,2409,8619,-104,10867,-162,2016-06-03
宏源期货,9890,2409,8619,-104,10558,-309,2016-06-06
宏源期货,9890,2409,8619,-104,10155,-403,2016-06-07
宏源期货,9890,2409,8619,-104,9891,-264,2016-06-08
宏源期货,9890,2409,8619,-104,9346,-545,2016-06-13
宏源期货,9890,2409,8619,-104,9403,57,2016-06-14
宏源期货,9890,2409,8619,-104,9373,-30,2016-06-15
宏源期货,9890,2409,8619,-104,9541,168,2016-06-16
宏源期货,9890,2409,8619,-104,10237,696,2016-06-17
宏源期货,9890,2409,8619,-104,10572,335,2016-06-20
宏源期货,9890,2409,8619,-104,10554,-18,2016-06-21
宏源期货,9890,2409,8619,-104,9843,-711,2016-06-22
宏源期货,9890,2409,8619,-104,9794,-49,2016-06-23
宏源期货,9890,2409,8619,-104,9899,105,2016-06-24
宏源期货,9890,2409,8619,-104,9833,-66,2016-06-27
宏源期货,9890,2409,8619,-104,11225,1392,2016-06-28
宏源期货,9890,2409,8619,-104,12266,1041,2016-06-29
宏源期货,9890,2409,8619,-104,17848,5582,2016-06-30
宏源期货,9890,2409,8619,-104,17465,-383,2016-07-01
宏源期货,9890,2409,8619,-104,17640,175,2016-07-04
宏源期货,9890,2409,8619,-104,19098,1458,2016-07-05
宏源期货,9890,2409,8619,-104,18409,-689,2016-07-06
宏源期货,9890,2409,8619,-104,16256,-2153,2016-07-07
宏源期货,9890,2409,8619,-104,14436,-1820,2016-07-08
宏源期货,9890,2409,8619,-104,14571,135,2016-07-11
宏源期货,9890,2409,8619,-104,9778,-4793,2016-07-12
宏源期货,9890,2409,8619,-104,10657,879,2016-07-13
宏源期货,9890,2409,8619,-104,10793,136,2016-07-14
宏源期货,9890,2409,8619,-104,10223,-570,2016-07-15
宏源期货,9890,2409,8619,-104,10111,-112,2016-07-18
宏源期货,9890,2409,8619,-104,10442,331,2016-07-19
宏源期货,9890,2409,8619,-104,10402,-40,2016-07-20
宏源期货,9890,2409,8619,-104,10396,-6,2016-07-21
宏源期货,9890,2409,8619,-104,10285,-111,2016-07-22
宏源期货,9890,2409,8619,-104,10256,-29,2016-07-25
宏源期货,9890,2409,8619,-104,10647,391,2016-07-26
宏源期货,9890,2409,8619,-104,10594,-53,2016-07-27
宏源期货,9890,2409,8619,-104,10699,105,2016-07-28
宏源期货,9890,2409,8619,-104,9981,-718,2016-07-29
宏源期货,9890,2409,8619,-104,9686,-295,2016-08-01
宏源期货,9890,2409,8619,-104,9724,38,2016-08-02
宏源期货,9890,2409,8619,-104,9606,-118,2016-08-03
宏源期货,9890,2409,6843,2076,9949,343,2016-08-04
宏源期货,9890,2409,6818,-25,9526,-423,2016-08-05
宏源期货,9890,2409,6818,-25,9123,-403,2016-08-08
宏源期货,9890,2409,6818,-25,9031,-92,2016-08-09
宏源期货,9890,2409,6643,153,9018,-13,2016-08-10
宏源期货,9890,2409,6689,46,9059,41,2016-08-11
宏源期货,9890,2409,6789,100,8978,-81,2016-08-12
宏源期货,9890,2409,6864,75,8961,-17,2016-08-15
宏源期货,9890,2409,6825,-39,8823,-138,2016-08-16
宏源期货,9890,2409,6782,-43,7843,-980,2016-08-17
宏源期货,9890,2409,6728,-54,7308,-535,2016-08-18
宏源期货,9890,2409,6510,-218,7244,-64,2016-08-19
宏源期货,9890,2409,5938,-572,7447,203,2016-08-22
宏源期货,9890,2409,5938,-572,7513,66,2016-08-23
宏源期货,9890,2409,6427,448,7599,86,2016-08-24
宏源期货,9890,2409,6285,-142,7157,-442,2016-08-25
宏源期货,9890,2409,6563,278,6996,-161,2016-08-26
宏源期货,9890,2409,6682,119,6935,-61,2016-08-29
宏源期货,9890,2409,6575,-107,6948,13,2016-08-30
宏源期货,9890,2409,6479,-96,7176,228,2016-08-31
宏源期货,9890,2409,6479,-96,7482,306,2016-09-01
宏源期货,9890,2409,7141,1429,8986,1504,2016-09-02
宏源期货,9890,2409,8014,873,9491,505,2016-09-05
宏源期货,9890,2409,8041,27,9424,-67,2016-09-06
宏源期货,9890,2409,8152,111,9399,-25,2016-09-07
宏源期货,9890,2409,8144,-8,9802,403,2016-09-08
宏源期货,9890,2409,8209,65,9599,-203,2016-09-09
宏源期货,9890,2409,8176,-33,9469,-130,2016-09-12
宏源期货,9890,2409,8146,-30,9998,529,2016-09-13
宏源期货,9890,2409,8210,64,9834,-164,2016-09-14
宏源期货,9890,2409,9920,1710,9944,110,2016-09-19
宏源期货,9890,2409,10026,106,9853,-91,2016-09-20
宏源期货,9890,2409,9871,-155,9760,-93,2016-09-21
宏源期货,9890,2409,10753,882,10066,306,2016-09-22
宏源期货,9890,2409,11403,650,10299,233,2016-09-23
宏源期货,9890,2409,11437,34,10384,85,2016-09-26
宏源期货,9890,2409,11956,519,10644,260,2016-09-27
宏源期货,9890,2409,11487,-469,10748,104,2016-09-28
