﻿五矿经易期货,31375,11062,11229,-4620,17938,2527,2016-01-04
五矿经易期货,26887,-4488,15168,3939,15632,-2306,2016-01-05
五矿经易期货,39543,12656,10929,-4239,15866,234,2016-01-06
五矿经易期货,41411,1868,10348,-581,15240,-626,2016-01-07
五矿经易期货,46993,5582,14661,4313,15436,196,2016-01-08
五矿经易期货,68171,21178,14661,4313,15436,196,2016-01-11
五矿经易期货,41471,-26700,14661,4313,15436,196,2016-01-12
五矿经易期货,42700,1229,14661,4313,15436,196,2016-01-13
五矿经易期货,37533,-5167,14661,4313,15436,196,2016-01-14
五矿经易期货,27004,-10529,14661,4313,15436,196,2016-01-15
五矿经易期货,48866,21862,14661,4313,15436,196,2016-01-18
五矿经易期货,46404,-2462,14661,4313,13255,4344,2016-01-19
五矿经易期货,31750,-14654,14661,4313,13255,4344,2016-01-20
五矿经易期货,28733,-3017,14661,4313,13255,4344,2016-01-21
五矿经易期货,36080,7347,14661,4313,13255,4344,2016-01-22
五矿经易期货,36798,718,14661,4313,13255,4344,2016-01-25
五矿经易期货,25319,-11479,14661,4313,13255,4344,2016-01-26
五矿经易期货,54567,29248,14661,4313,13255,4344,2016-01-27
五矿经易期货,38473,-16094,14661,4313,13255,4344,2016-01-28
五矿经易期货,38166,-307,14661,4313,13255,4344,2016-01-29
五矿经易期货,29439,-8727,14661,4313,13255,4344,2016-02-01
五矿经易期货,20350,-9089,14661,4313,13255,4344,2016-02-02
五矿经易期货,20682,332,14661,4313,13255,4344,2016-02-03
五矿经易期货,25845,5163,14661,4313,13255,4344,2016-02-04
五矿经易期货,25845,5163,14661,4313,13255,4344,2016-02-05
五矿经易期货,18315,10493,14661,4313,13255,4344,2016-02-15
五矿经易期货,18315,10493,14661,4313,13255,4344,2016-02-16
五矿经易期货,18315,10493,14661,4313,13255,4344,2016-02-17
五矿经易期货,18315,10493,14661,4313,13255,4344,2016-02-18
五矿经易期货,18315,10493,14661,4313,13255,4344,2016-02-19
五矿经易期货,20793,1697,14661,4313,13255,4344,2016-02-22
五矿经易期货,21581,788,14661,4313,13255,4344,2016-02-23
五矿经易期货,37928,16347,14661,4313,13255,4344,2016-02-24
五矿经易期货,26478,-11450,14661,4313,13255,4344,2016-02-25
五矿经易期货,26758,280,14661,4313,13255,4344,2016-02-26
五矿经易期货,39258,12500,14661,4313,13255,4344,2016-02-29
五矿经易期货,43098,3840,14661,4313,13255,4344,2016-03-01
五矿经易期货,39136,-3962,14661,4313,13255,4344,2016-03-02
五矿经易期货,24102,-15034,14661,4313,13255,4344,2016-03-03
五矿经易期货,42250,18148,14661,4313,13255,4344,2016-03-04
五矿经易期货,51223,8973,14661,4313,13255,4344,2016-03-07
五矿经易期货,64255,13032,14661,4313,13255,4344,2016-03-08
五矿经易期货,60179,-4076,14661,4313,13255,4344,2016-03-09
五矿经易期货,51136,-9043,14661,4313,13255,4344,2016-03-10
五矿经易期货,29628,-21508,14661,4313,13255,4344,2016-03-11
五矿经易期货,38882,9254,14661,4313,13255,4344,2016-03-14
五矿经易期货,21671,-17211,14661,4313,13255,4344,2016-03-15
五矿经易期货,13183,-8488,14661,4313,13255,4344,2016-03-16
五矿经易期货,13183,-8488,14661,4313,13255,4344,2016-03-17
五矿经易期货,30524,14518,14661,4313,9130,1046,2016-03-18
五矿经易期货,30068,-456,14661,4313,13469,4339,2016-03-21
五矿经易期货,23388,-6680,14661,4313,12768,-701,2016-03-22
五矿经易期货,17913,-5475,14661,4313,12190,-578,2016-03-23
五矿经易期货,17499,-414,14661,4313,12165,-25,2016-03-24
五矿经易期货,15331,-2168,14661,4313,12689,524,2016-03-25
五矿经易期货,17264,1933,14661,4313,13335,646,2016-03-28
五矿经易期货,16881,-383,14661,4313,12276,-1059,2016-03-29
五矿经易期货,11025,-5856,14661,4313,11933,-343,2016-03-30
五矿经易期货,17935,6910,14661,4313,9777,-2156,2016-03-31
五矿经易期货,22442,4507,14661,4313,10858,1081,2016-04-01
五矿经易期货,12130,-10312,14661,4313,10670,-188,2016-04-05
五矿经易期货,12776,646,14661,4313,10245,-425,2016-04-06
五矿经易期货,12249,-527,14661,4313,10187,-58,2016-04-07
五矿经易期货,14959,2710,14661,4313,11215,1028,2016-04-08
五矿经易期货,13147,-1812,14661,4313,11968,753,2016-04-11
五矿经易期货,12018,-1129,14661,4313,11994,26,2016-04-12
五矿经易期货,30676,18658,14661,4313,12137,143,2016-04-13
五矿经易期货,34607,3931,14661,4313,12137,143,2016-04-14
五矿经易期货,34548,-59,14661,4313,12137,143,2016-04-15
五矿经易期货,50215,15667,14661,4313,12137,143,2016-04-18
五矿经易期货,38629,-11586,14661,4313,12137,143,2016-04-19
五矿经易期货,41793,3164,14661,4313,12137,143,2016-04-20
五矿经易期货,59608,17815,14661,4313,12137,143,2016-04-21
五矿经易期货,54017,-5591,14661,4313,12137,143,2016-04-22
五矿经易期货,39341,-14676,14661,4313,12137,143,2016-04-25
五矿经易期货,29516,-9825,14661,4313,12137,143,2016-04-26
五矿经易期货,23382,-6134,14661,4313,12137,143,2016-04-27
五矿经易期货,28916,5534,14661,4313,12137,143,2016-04-28
五矿经易期货,22012,-6904,14661,4313,12137,143,2016-04-29
五矿经易期货,10120,-11892,14661,4313,12137,143,2016-05-03
五矿经易期货,20342,10222,14661,4313,12137,143,2016-05-04
五矿经易期货,13935,-6407,14661,4313,12137,143,2016-05-05
五矿经易期货,22223,8288,14661,4313,12137,143,2016-05-06
五矿经易期货,21555,-668,14661,4313,12137,143,2016-05-09
五矿经易期货,22658,1103,14661,4313,12137,143,2016-05-10
五矿经易期货,18911,-3747,14661,4313,12137,143,2016-05-11
五矿经易期货,24401,5490,14661,4313,12137,143,2016-05-12
五矿经易期货,25615,1214,14661,4313,12137,143,2016-05-13
五矿经易期货,21309,-4306,14661,4313,12137,143,2016-05-16
五矿经易期货,16810,-4499,14661,4313,12137,143,2016-05-17
五矿经易期货,32921,16111,14661,4313,12137,143,2016-05-18
五矿经易期货,20631,-12290,14661,4313,12137,143,2016-05-19
五矿经易期货,20448,-183,6906,2288,12137,143,2016-05-20
五矿经易期货,25502,5054,6906,2288,12137,143,2016-05-23
五矿经易期货,14389,-11113,6906,2288,12137,143,2016-05-24
五矿经易期货,22847,8458,6906,2288,12137,143,2016-05-25
五矿经易期货,17765,-5082,6906,2288,12137,143,2016-05-26
五矿经易期货,12328,-5437,6906,2288,12137,143,2016-05-27
五矿经易期货,13405,1077,6906,2288,12137,143,2016-05-30
五矿经易期货,15185,1780,6906,2288,12137,143,2016-05-31
五矿经易期货,10369,-4816,7451,886,12137,143,2016-06-01
五矿经易期货,6202,-4167,6923,-528,12137,143,2016-06-02
五矿经易期货,6202,-4167,6923,-528,12137,143,2016-06-03
五矿经易期货,6202,-4167,9769,3511,12137,143,2016-06-06
五矿经易期货,6202,-4167,10234,465,12137,143,2016-06-07
五矿经易期货,11109,-1257,11144,910,12137,143,2016-06-08
五矿经易期货,11109,-1257,10081,-1063,12137,143,2016-06-13
五矿经易期货,15524,5026,14179,4098,12137,143,2016-06-14
五矿经易期货,15257,-267,14371,192,12137,143,2016-06-15
五矿经易期货,15257,-267,13797,-574,12137,143,2016-06-16
五矿经易期货,15257,-267,13521,-276,12137,143,2016-06-17
五矿经易期货,15257,-267,13440,-81,12137,143,2016-06-20
五矿经易期货,15257,-267,13708,268,12137,143,2016-06-21
五矿经易期货,12203,2486,13091,-617,12137,143,2016-06-22
五矿经易期货,12203,2486,12927,-164,12137,143,2016-06-23
五矿经易期货,12203,2486,12753,-174,12137,143,2016-06-24
五矿经易期货,12203,2486,12885,132,12137,143,2016-06-27
五矿经易期货,15162,4387,9774,-3111,12137,143,2016-06-28
五矿经易期货,13218,-1944,10951,1177,12137,143,2016-06-29
五矿经易期货,13218,-1944,12801,1850,12137,143,2016-06-30
五矿经易期货,27496,1923,11238,-1563,12137,143,2016-07-01
五矿经易期货,42621,15125,12628,1390,12137,143,2016-07-04
五矿经易期货,25222,-17399,11356,-1272,12137,143,2016-07-05
五矿经易期货,38747,13525,11621,265,12137,143,2016-07-06
五矿经易期货,17118,-21629,11712,91,12137,143,2016-07-07
五矿经易期货,26240,9122,10350,-1362,12137,143,2016-07-08
五矿经易期货,26240,9122,10281,-69,12137,143,2016-07-11
五矿经易期货,26240,9122,10021,-260,12137,143,2016-07-12
五矿经易期货,25472,8056,9969,-52,12137,143,2016-07-13
五矿经易期货,20341,-5131,11007,1038,12137,143,2016-07-14
五矿经易期货,18886,-1455,10883,-124,12137,143,2016-07-15
五矿经易期货,19706,820,9999,-884,12137,143,2016-07-18
五矿经易期货,17928,-1778,9520,-479,12137,143,2016-07-19
五矿经易期货,18231,303,10598,1078,12137,143,2016-07-20
五矿经易期货,12683,-5548,9965,-633,12137,143,2016-07-21
五矿经易期货,21406,8723,7483,-2482,12137,143,2016-07-22
五矿经易期货,14013,-7393,7483,-2482,12137,143,2016-07-25
五矿经易期货,14013,-7393,7483,-2482,12137,143,2016-07-26
五矿经易期货,14013,-7393,8738,1589,12137,143,2016-07-27
五矿经易期货,14013,-7393,13218,4480,12137,143,2016-07-28
五矿经易期货,14013,-7393,12939,-279,12137,143,2016-07-29
五矿经易期货,14013,-7393,12955,16,12137,143,2016-08-01
五矿经易期货,14013,-7393,13034,79,12137,143,2016-08-02
五矿经易期货,14013,-7393,13023,-11,12137,143,2016-08-03
五矿经易期货,14013,-7393,13365,342,12137,143,2016-08-04
五矿经易期货,14013,-7393,13123,-242,12137,143,2016-08-05
五矿经易期货,14013,-7393,13030,-93,12137,143,2016-08-08
五矿经易期货,14013,-7393,13054,24,12137,143,2016-08-09
五矿经易期货,14013,-7393,13403,349,12137,143,2016-08-10
五矿经易期货,14013,-7393,13555,152,12137,143,2016-08-11
五矿经易期货,14013,-7393,13616,61,12137,143,2016-08-12
五矿经易期货,14013,-7393,13303,-313,12137,143,2016-08-15
五矿经易期货,14013,-7393,13556,253,12137,143,2016-08-16
五矿经易期货,14013,-7393,12845,-711,12137,143,2016-08-17
五矿经易期货,14013,-7393,12857,12,12137,143,2016-08-18
五矿经易期货,14013,-7393,12838,-19,12137,143,2016-08-19
五矿经易期货,14013,-7393,12420,-418,12137,143,2016-08-22
五矿经易期货,14013,-7393,12501,81,12137,143,2016-08-23
五矿经易期货,14013,-7393,12473,-28,12137,143,2016-08-24
五矿经易期货,14013,-7393,12979,506,12137,143,2016-08-25
五矿经易期货,14013,-7393,13237,258,12137,143,2016-08-26
五矿经易期货,14013,-7393,12502,-735,12137,143,2016-08-29
五矿经易期货,14013,-7393,12400,-102,12137,143,2016-08-30
五矿经易期货,14013,-7393,13020,620,12137,143,2016-08-31
五矿经易期货,14013,-7393,13461,441,12137,143,2016-09-01
五矿经易期货,14013,-7393,12425,-1036,12137,143,2016-09-02
五矿经易期货,14013,-7393,7048,-5377,12137,143,2016-09-05
五矿经易期货,14013,-7393,6962,-86,12137,143,2016-09-06
五矿经易期货,14013,-7393,6949,-13,12137,143,2016-09-07
五矿经易期货,14013,-7393,7547,598,12137,143,2016-09-08
五矿经易期货,14013,-7393,7615,68,12137,143,2016-09-09
五矿经易期货,14013,-7393,7412,-203,12137,143,2016-09-12
五矿经易期货,14013,-7393,7440,28,12137,143,2016-09-13
五矿经易期货,14013,-7393,7295,-145,12137,143,2016-09-14
五矿经易期货,14013,-7393,7295,-145,12137,143,2016-09-19
五矿经易期货,14013,-7393,7295,-145,12137,143,2016-09-20
五矿经易期货,14013,-7393,7295,-145,12137,143,2016-09-21
五矿经易期货,14013,-7393,7295,-145,12137,143,2016-09-22
五矿经易期货,14013,-7393,7295,-145,12137,143,2016-09-23
五矿经易期货,14013,-7393,7295,-145,12137,143,2016-09-26
五矿经易期货,14013,-7393,7295,-145,12137,143,2016-09-27
五矿经易期货,14013,-7393,7295,-145,12137,143,2016-09-28
