﻿国投期货,0,0,15056,10913,15771,1606,2016-01-04
国投期货,29188,15887,14749,-307,25678,9907,2016-01-05
国投期货,27153,-2035,13877,-872,22217,-3461,2016-01-06
国投期货,32640,5487,13877,-872,22567,350,2016-01-07
国投期货,32640,5487,13877,-872,22162,-405,2016-01-08
国投期货,32640,5487,13877,-872,21571,-591,2016-01-11
国投期货,32640,5487,13877,-872,20595,-976,2016-01-12
国投期货,32640,5487,13877,-872,19208,-1387,2016-01-13
国投期货,32640,5487,13877,-872,20951,1743,2016-01-14
国投期货,25817,8767,13877,-872,16518,-4433,2016-01-15
国投期货,24713,-1104,13877,-872,20893,4375,2016-01-18
国投期货,24713,-1104,10103,1415,19978,-915,2016-01-19
国投期货,24713,-1104,10103,1415,19742,-236,2016-01-20
国投期货,24713,-1104,10103,1415,19767,25,2016-01-21
国投期货,24713,-1104,10103,1415,19091,-676,2016-01-22
国投期货,24713,-1104,10103,1415,18149,-942,2016-01-25
国投期货,24713,-1104,10103,1415,18127,-22,2016-01-26
国投期货,24713,-1104,10103,1415,16726,-1401,2016-01-27
国投期货,24713,-1104,10103,1415,17987,1261,2016-01-28
国投期货,24713,-1104,10103,1415,14384,-3603,2016-01-29
国投期货,24713,-1104,10103,1415,14584,200,2016-02-01
国投期货,24713,-1104,10103,1415,13911,-673,2016-02-02
国投期货,24713,-1104,10103,1415,12981,-930,2016-02-03
国投期货,20461,9172,10103,1415,14911,1930,2016-02-04
国投期货,10931,-9530,10103,1415,13260,-1651,2016-02-05
国投期货,10077,-854,10103,1415,14381,1121,2016-02-15
国投期货,32982,22905,10103,1415,17967,3586,2016-02-16
国投期货,22908,-10074,10103,1415,17966,-1,2016-02-17
国投期货,22908,-10074,10103,1415,17728,-238,2016-02-18
国投期货,24706,15905,10103,1415,16196,-1532,2016-02-19
国投期货,18130,-6576,10103,1415,16764,568,2016-02-22
国投期货,21126,2996,10103,1415,17150,386,2016-02-23
国投期货,43207,22081,10103,1415,22179,5029,2016-02-24
国投期货,14198,-29009,10103,1415,22210,31,2016-02-25
国投期货,24437,10239,10103,1415,25770,3560,2016-02-26
国投期货,35944,11507,10103,1415,20985,-4785,2016-02-29
国投期货,32977,-2967,10103,1415,24870,3885,2016-03-01
国投期货,28804,-4173,10103,1415,26505,1635,2016-03-02
国投期货,28804,-4173,10103,1415,24171,-2334,2016-03-03
国投期货,28804,-4173,10103,1415,25207,1036,2016-03-04
国投期货,28804,-4173,10103,1415,25433,226,2016-03-07
国投期货,52860,18425,10103,1415,19175,-6258,2016-03-08
国投期货,40107,-12753,10103,1415,24081,4906,2016-03-09
国投期货,36211,-3896,10103,1415,21346,-2735,2016-03-10
国投期货,24655,-11556,10103,1415,24300,2954,2016-03-11
国投期货,32750,8095,10103,1415,22094,-2206,2016-03-14
国投期货,32750,8095,10103,1415,21852,-242,2016-03-15
国投期货,13406,-3801,10103,1415,21971,119,2016-03-16
国投期货,32367,18961,10103,1415,24324,2353,2016-03-17
国投期货,23223,-9144,10103,1415,24013,-311,2016-03-18
国投期货,20337,-2886,10103,1415,26105,2092,2016-03-21
国投期货,17642,-2695,10103,1415,26933,828,2016-03-22
国投期货,17642,-2695,10103,1415,26186,-747,2016-03-23
国投期货,17642,-2695,10103,1415,26010,-176,2016-03-24
国投期货,17642,-2695,10103,1415,26553,543,2016-03-25
国投期货,17642,-2695,10103,1415,27029,476,2016-03-28
国投期货,16834,4929,10103,1415,24318,-2711,2016-03-29
国投期货,16834,4929,10103,1415,24372,54,2016-03-30
国投期货,16834,4929,10103,1415,22934,-1438,2016-03-31
国投期货,16834,4929,10103,1415,23278,344,2016-04-01
国投期货,16834,4929,10103,1415,23804,526,2016-04-05
国投期货,10512,139,10103,1415,23349,-455,2016-04-06
国投期货,9546,-966,10103,1415,24707,1358,2016-04-07
国投期货,13204,3658,10103,1415,25236,529,2016-04-08
国投期货,13204,3658,10103,1415,25792,556,2016-04-11
国投期货,13204,3658,10103,1415,25859,67,2016-04-12
国投期货,13204,3658,10103,1415,26957,1098,2016-04-13
国投期货,14535,55,10103,1415,26459,-498,2016-04-14
国投期货,14535,55,10103,1415,27396,937,2016-04-15
国投期货,14535,55,10103,1415,28881,1485,2016-04-18
国投期货,14535,55,10103,1415,29116,235,2016-04-19
国投期货,31447,20531,10103,1415,27272,-1844,2016-04-20
国投期货,31447,20531,11809,5909,27137,-135,2016-04-21
国投期货,35475,-3385,10914,-895,23331,-3806,2016-04-22
国投期货,20867,-14608,11072,158,25510,2179,2016-04-25
国投期货,20867,-14608,10893,-179,25523,13,2016-04-26
国投期货,20867,-14608,10606,-287,25650,127,2016-04-27
国投期货,20867,-14608,10906,300,25949,299,2016-04-28
国投期货,20867,-14608,11813,907,25351,-598,2016-04-29
国投期货,10229,-4130,10888,-925,26651,1300,2016-05-03
国投期货,10229,-4130,10593,-295,23438,-3213,2016-05-04
国投期货,14171,-4659,9077,-1516,22687,-751,2016-05-05
国投期货,14171,-4659,9044,-33,22339,-348,2016-05-06
国投期货,14171,-4659,9001,-43,22133,-206,2016-05-09
国投期货,14171,-4659,10128,1127,21765,-368,2016-05-10
国投期货,14171,-4659,9755,-373,21608,-157,2016-05-11
国投期货,14171,-4659,10024,269,21824,216,2016-05-12
国投期货,14171,-4659,9300,-724,21987,163,2016-05-13
国投期货,14171,-4659,6411,-2889,21961,-26,2016-05-16
国投期货,14171,-4659,6411,-2889,22028,67,2016-05-17
国投期货,14171,-4659,6411,-2889,21298,-730,2016-05-18
国投期货,14171,-4659,6411,-2889,21566,268,2016-05-19
国投期货,14171,-4659,6411,-2889,23050,1484,2016-05-20
国投期货,37447,26393,6411,-2889,22436,-614,2016-05-23
国投期货,37447,26393,6411,-2889,22489,53,2016-05-24
国投期货,37447,26393,6411,-2889,22364,-125,2016-05-25
国投期货,10212,-3016,6411,-2889,21560,-804,2016-05-26
国投期货,10212,-3016,6411,-2889,21642,82,2016-05-27
国投期货,10212,-3016,6411,-2889,24006,2364,2016-05-30
国投期货,10212,-3016,6411,-2889,24044,38,2016-05-31
国投期货,10212,-3016,6411,-2889,23820,-224,2016-06-01
国投期货,10212,-3016,6411,-2889,23777,-43,2016-06-02
国投期货,10212,-3016,6411,-2889,24233,456,2016-06-03
国投期货,10212,-3016,6411,-2889,24065,-168,2016-06-06
国投期货,10212,-3016,6411,-2889,23754,-311,2016-06-07
国投期货,10212,-3016,6411,-2889,23777,23,2016-06-08
国投期货,10212,-3016,6411,-2889,24595,818,2016-06-13
国投期货,10212,-3016,6411,-2889,24556,-39,2016-06-14
国投期货,10212,-3016,6411,-2889,22650,-1906,2016-06-15
国投期货,10212,-3016,6411,-2889,22980,330,2016-06-16
国投期货,10212,-3016,6411,-2889,23240,260,2016-06-17
国投期货,29111,19623,6411,-2889,23364,124,2016-06-20
国投期货,29111,19623,6411,-2889,23283,-81,2016-06-21
国投期货,29111,19623,6411,-2889,23087,-196,2016-06-22
国投期货,29111,19623,6411,-2889,22915,-172,2016-06-23
国投期货,23519,17006,6411,-2889,19794,-3121,2016-06-24
国投期货,23519,17006,6411,-2889,19451,-343,2016-06-27
国投期货,23519,17006,6411,-2889,19759,308,2016-06-28
国投期货,23519,17006,6411,-2889,19489,-270,2016-06-29
国投期货,23519,17006,6411,-2889,20289,800,2016-06-30
国投期货,23519,17006,6411,-2889,17784,-2505,2016-07-01
国投期货,29712,5683,6411,-2889,18919,1135,2016-07-04
国投期货,29712,5683,6411,-2889,18323,-596,2016-07-05
国投期货,29712,5683,6411,-2889,17558,-765,2016-07-06
国投期货,29712,5683,6411,-2889,16199,-1359,2016-07-07
国投期货,29712,5683,6411,-2889,16199,-1359,2016-07-08
国投期货,29712,5683,6411,-2889,16199,-1359,2016-07-11
国投期货,29712,5683,6411,-2889,16199,-1359,2016-07-12
国投期货,29712,5683,6411,-2889,16199,-1359,2016-07-13
国投期货,29712,5683,6411,-2889,16199,-1359,2016-07-14
国投期货,29712,5683,6411,-2889,16199,-1359,2016-07-15
国投期货,29712,5683,6411,-2889,16199,-1359,2016-07-18
国投期货,29712,5683,6411,-2889,16199,-1359,2016-07-19
国投期货,29712,5683,6411,-2889,16199,-1359,2016-07-20
国投期货,29712,5683,6411,-2889,16199,-1359,2016-07-21
国投期货,29712,5683,6411,-2889,16199,-1359,2016-07-22
国投期货,29712,5683,6411,-2889,16199,-1359,2016-07-25
国投期货,29712,5683,6411,-2889,16199,-1359,2016-07-26
国投期货,29712,5683,6411,-2889,16199,-1359,2016-07-27
国投期货,29712,5683,6411,-2889,16199,-1359,2016-07-28
国投期货,29712,5683,6411,-2889,16199,-1359,2016-07-29
国投期货,29712,5683,6411,-2889,16199,-1359,2016-08-01
国投期货,29712,5683,6411,-2889,16199,-1359,2016-08-02
国投期货,29712,5683,6411,-2889,16199,-1359,2016-08-03
国投期货,29712,5683,6411,-2889,16199,-1359,2016-08-04
国投期货,29712,5683,6411,-2889,16199,-1359,2016-08-05
国投期货,29712,5683,6411,-2889,16199,-1359,2016-08-08
国投期货,29712,5683,6411,-2889,16199,-1359,2016-08-09
国投期货,29712,5683,6411,-2889,16199,-1359,2016-08-10
国投期货,29712,5683,6411,-2889,16199,-1359,2016-08-11
国投期货,29712,5683,6411,-2889,16199,-1359,2016-08-12
国投期货,29712,5683,6411,-2889,16199,-1359,2016-08-15
国投期货,29712,5683,6411,-2889,16199,-1359,2016-08-16
国投期货,29712,5683,6411,-2889,16199,-1359,2016-08-17
国投期货,29712,5683,6411,-2889,16199,-1359,2016-08-18
国投期货,29712,5683,6411,-2889,16199,-1359,2016-08-19
国投期货,29712,5683,6411,-2889,16199,-1359,2016-08-22
国投期货,29712,5683,6411,-2889,16199,-1359,2016-08-23
国投期货,29712,5683,6411,-2889,16199,-1359,2016-08-24
国投期货,29712,5683,6411,-2889,16199,-1359,2016-08-25
国投期货,29712,5683,6411,-2889,16199,-1359,2016-08-26
国投期货,29712,5683,6411,-2889,16199,-1359,2016-08-29
国投期货,29712,5683,6411,-2889,16199,-1359,2016-08-30
国投期货,29712,5683,6411,-2889,16199,-1359,2016-08-31
国投期货,29712,5683,6411,-2889,16199,-1359,2016-09-01
国投期货,29712,5683,6411,-2889,16199,-1359,2016-09-02
国投期货,29712,5683,6411,-2889,16199,-1359,2016-09-05
国投期货,29712,5683,6411,-2889,16199,-1359,2016-09-06
国投期货,29712,5683,6411,-2889,16199,-1359,2016-09-07
国投期货,29712,5683,6411,-2889,16199,-1359,2016-09-08
国投期货,29712,5683,6411,-2889,16199,-1359,2016-09-09
国投期货,29712,5683,6411,-2889,16199,-1359,2016-09-12
国投期货,29712,5683,6411,-2889,16199,-1359,2016-09-13
国投期货,29712,5683,6411,-2889,16199,-1359,2016-09-14
国投期货,29712,5683,6411,-2889,16199,-1359,2016-09-19
国投期货,29712,5683,6411,-2889,16199,-1359,2016-09-20
国投期货,29712,5683,6411,-2889,16199,-1359,2016-09-21
国投期货,29712,5683,6411,-2889,16199,-1359,2016-09-22
国投期货,29712,5683,6411,-2889,16199,-1359,2016-09-23
国投期货,29712,5683,6411,-2889,16199,-1359,2016-09-26
国投期货,29712,5683,6411,-2889,16199,-1359,2016-09-27
国投期货,29712,5683,6411,-2889,16199,-1359,2016-09-28
