﻿中粮期货,3587,789,1909,123,18602,11,2016-10-10
中粮期货,3587,789,1909,123,19645,1043,2016-10-11
中粮期货,3587,789,2347,420,20280,635,2016-10-12
中粮期货,3587,789,2319,-28,20371,91,2016-10-13
中粮期货,3073,762,2461,142,19540,-831,2016-10-14
中粮期货,3073,762,2461,142,20314,774,2016-10-17
中粮期货,3073,762,2461,142,22749,2435,2016-10-18
中粮期货,3073,762,2461,142,24568,1819,2016-10-19
中粮期货,3073,762,2461,142,25373,805,2016-10-20
中粮期货,3073,762,2461,142,25294,-79,2016-10-21
中粮期货,3073,762,2461,142,28578,3284,2016-10-24
