﻿光大期货,5851,70,2220,153,5698,486,2016-10-10
光大期货,6908,1057,2857,637,5747,49,2016-10-11
光大期货,11612,4704,2720,-137,5872,125,2016-10-12
光大期货,13302,1690,2912,192,6702,830,2016-10-13
光大期货,9570,-3732,2592,-320,6826,124,2016-10-14
光大期货,4898,-4672,3133,541,7099,273,2016-10-17
光大期货,23979,19081,3271,138,7286,187,2016-10-18
光大期货,17268,-6711,3501,230,7502,216,2016-10-19
光大期货,28490,11222,3418,-83,7593,91,2016-10-20
光大期货,22525,-5965,4224,806,7988,395,2016-10-21
光大期货,20612,-1913,3561,-663,8175,187,2016-10-24
