﻿申银万国,2522,1640,2549,1097,0,0,2016-10-11
申银万国,4597,2075,2894,345,0,0,2016-10-12
申银万国,4937,340,3722,828,0,0,2016-10-13
申银万国,4794,-143,2766,-956,0,0,2016-10-14
申银万国,2570,-2224,2549,-217,0,0,2016-10-17
申银万国,11016,8446,4002,1453,0,0,2016-10-18
申银万国,14562,3546,4395,393,2138,1255,2016-10-19
申银万国,14562,3546,3319,-1076,2248,110,2016-10-20
申银万国,9922,-758,3377,58,2432,184,2016-10-21
申银万国,11722,1800,3377,58,5694,3262,2016-10-24
