﻿首创期货,3841,766,2105,-87,1666,-293,2016-10-10
首创期货,3841,766,2105,-87,1212,354,2016-10-11
首创期货,3841,766,2105,-87,1210,-2,2016-10-12
首创期货,3841,766,2105,-87,1297,87,2016-10-13
首创期货,3493,1742,2105,-87,1473,176,2016-10-14
首创期货,3493,1742,2105,-87,2006,533,2016-10-17
首创期货,3493,1742,2105,-87,3620,1614,2016-10-18
首创期货,3493,1742,2105,-87,5071,1451,2016-10-19
首创期货,3493,1742,2105,-87,5421,350,2016-10-20
首创期货,3493,1742,2105,-87,5667,246,2016-10-21
首创期货,8344,3142,2105,-87,5908,241,2016-10-24
