﻿东海期货,3380,-1535,0,0,0,0,2016-10-10
东海期货,6341,2961,0,0,0,0,2016-10-11
东海期货,8169,1828,0,0,0,0,2016-10-12
东海期货,12227,4058,0,0,0,0,2016-10-13
东海期货,8917,-3310,0,0,0,0,2016-10-14
东海期货,7152,-1765,0,0,0,0,2016-10-17
东海期货,15834,8682,0,0,0,0,2016-10-18
东海期货,14909,-925,0,0,0,0,2016-10-19
东海期货,23686,8777,0,0,0,0,2016-10-20
东海期货,11564,-12122,0,0,0,0,2016-10-21
东海期货,16884,5320,0,0,0,0,2016-10-24
