﻿方正中期,2087,783,3544,1455,0,0,2016-10-10
方正中期,3220,1133,4241,697,0,0,2016-10-11
方正中期,3220,1133,3856,-385,0,0,2016-10-12
方正中期,6969,3272,4750,894,0,0,2016-10-13
方正中期,4735,-2234,3515,-1235,0,0,2016-10-14
方正中期,4735,-2234,3672,157,0,0,2016-10-17
方正中期,4735,-2234,2990,-682,0,0,2016-10-18
方正中期,9132,1386,3316,326,0,0,2016-10-19
方正中期,10901,1769,3377,61,0,0,2016-10-20
方正中期,12125,1224,6406,3029,0,0,2016-10-21
方正中期,9600,-2525,6866,460,0,0,2016-10-24
