﻿中投天琪,1923,1778,3022,2,0,0,2016-10-10
中投天琪,1923,1778,3048,26,0,0,2016-10-11
中投天琪,1923,1778,5788,2740,0,0,2016-10-12
中投天琪,1923,1778,5023,-765,0,0,2016-10-13
中投天琪,1923,1778,6158,1135,0,0,2016-10-14
中投天琪,1923,1778,6162,4,0,0,2016-10-17
中投天琪,9158,9008,6018,-144,0,0,2016-10-18
中投天琪,9158,9008,6302,284,0,0,2016-10-19
中投天琪,9158,9008,6552,250,0,0,2016-10-20
中投天琪,9158,9008,7698,1146,0,0,2016-10-21
中投天琪,9158,9008,10903,3205,0,0,2016-10-24
