﻿银河期货,1886,891,2626,-47,3541,-22,2016-10-10
银河期货,1886,891,2626,-47,3593,52,2016-10-11
银河期货,1886,891,2626,-47,3618,25,2016-10-12
银河期货,1886,891,2626,-47,3609,-9,2016-10-13
银河期货,1886,891,2626,-47,3598,-11,2016-10-14
银河期货,1886,891,2626,-47,3697,99,2016-10-17
银河期货,1886,891,2626,-47,3651,-46,2016-10-18
银河期货,1886,891,3181,1676,3688,37,2016-10-19
银河期货,1886,891,5605,2424,3754,66,2016-10-20
银河期货,1886,891,6748,1143,5371,1617,2016-10-21
银河期货,7884,262,8626,1878,7361,1990,2016-10-24
