﻿国泰君安,3879,-125,2463,233,0,0,2016-10-10
国泰君安,4805,926,2536,73,0,0,2016-10-11
国泰君安,5309,504,2358,-178,0,0,2016-10-12
国泰君安,6227,918,2460,102,0,0,2016-10-13
国泰君安,4844,-1383,2614,154,0,0,2016-10-14
国泰君安,4844,-1383,2703,89,0,0,2016-10-17
国泰君安,18674,17183,8051,5348,0,0,2016-10-18
国泰君安,19704,1030,13622,5571,0,0,2016-10-19
国泰君安,11024,-8680,13636,14,0,0,2016-10-20
国泰君安,11024,-8680,13854,218,0,0,2016-10-21
国泰君安,10762,1364,16068,2214,0,0,2016-10-24
