﻿东航期货,2240,-2032,2341,314,1441,228,2016-10-10
东航期货,4552,2312,3091,750,1441,228,2016-10-11
东航期货,5588,1036,2993,-98,1441,228,2016-10-12
东航期货,7904,2316,3542,549,1441,228,2016-10-13
东航期货,7187,-717,3874,332,1441,228,2016-10-14
东航期货,3899,-3288,4644,770,1441,228,2016-10-17
东航期货,14429,10530,4288,-356,1918,619,2016-10-18
东航期货,16463,2034,5041,753,2056,138,2016-10-19
东航期货,18818,2355,4726,-315,2056,138,2016-10-20
东航期货,17959,-859,5314,588,2312,461,2016-10-21
东航期货,17335,-624,6045,731,2290,-22,2016-10-24
