﻿中国国际,1672,1062,2352,169,3069,-3,2016-10-10
中国国际,1672,1062,2741,389,3074,5,2016-10-11
中国国际,1672,1062,2312,-429,3312,238,2016-10-12
中国国际,1672,1062,2367,55,3303,-9,2016-10-13
中国国际,1672,1062,2578,211,3367,64,2016-10-14
中国国际,1672,1062,2667,89,3354,-13,2016-10-17
中国国际,1672,1062,2621,-46,3443,89,2016-10-18
中国国际,1672,1062,3146,525,3864,421,2016-10-19
中国国际,1672,1062,3357,211,3730,-134,2016-10-20
中国国际,10103,2414,3775,418,3871,141,2016-10-21
中国国际,10103,2414,3691,-84,3679,-192,2016-10-24
