﻿格林大华期货,1935,903,5393,-68,3462,33,2016-10-10
格林大华期货,1935,903,5480,87,3412,-50,2016-10-11
格林大华期货,1935,903,5442,-38,3432,20,2016-10-12
格林大华期货,1935,903,5396,-46,3774,342,2016-10-13
格林大华期货,1935,903,5521,125,4064,290,2016-10-14
格林大华期货,1935,903,5562,41,4112,48,2016-10-17
格林大华期货,1935,903,5489,-73,4299,187,2016-10-18
格林大华期货,1935,903,5882,393,4544,245,2016-10-19
格林大华期货,1935,903,6102,220,4373,-171,2016-10-20
格林大华期货,1935,903,5847,-255,4670,297,2016-10-21
格林大华期货,1935,903,5854,7,5251,581,2016-10-24
