﻿信达期货,1482,907,2377,244,4084,494,2016-10-10
信达期货,1482,907,2377,244,3999,-85,2016-10-11
信达期货,1482,907,2386,227,4339,340,2016-10-12
信达期货,1482,907,2193,-193,4371,32,2016-10-13
信达期货,1482,907,2499,306,4417,46,2016-10-14
信达期货,1482,907,2820,321,5179,762,2016-10-17
信达期货,1482,907,2529,-291,5622,443,2016-10-18
信达期货,1482,907,2529,-291,6503,881,2016-10-19
信达期货,1482,907,2529,-291,6287,-216,2016-10-20
信达期货,1482,907,2529,-291,5817,-470,2016-10-21
信达期货,1482,907,2529,-291,6082,265,2016-10-24
