﻿中原期货,5626,-967,0,0,1657,854,2016-10-10
中原期货,9514,3888,0,0,1340,-317,2016-10-11
中原期货,15355,5841,0,0,1340,-317,2016-10-12
中原期货,15011,-344,0,0,1340,-317,2016-10-13
中原期货,8825,-6186,0,0,1340,-317,2016-10-14
中原期货,5703,-3122,0,0,1340,-317,2016-10-17
中原期货,26346,20643,2784,1649,2553,1621,2016-10-18
中原期货,25393,-953,2784,1649,2553,1621,2016-10-19
中原期货,28591,3198,2784,1649,2553,1621,2016-10-20
中原期货,19220,-9371,2784,1649,2311,1461,2016-10-21
中原期货,21021,1801,2784,1649,2311,1461,2016-10-24
